1000
 
277 197 244 395 76 198  
 
451 15 272 253 247 441  
 
252 84 358 67 44 482  
 
74 73 388 14 418 501  
 
249 336 224 62 312 209  
 
230 309 468 174 424 56  
 
66 156 473 248 181 49  
 
369 318 121 463 320 377  
 
32 142 59 267 45 220  
 
207 298 125 440 236 222  
 
330 413 231 36 402 47  
 
169 385 369 95 223 70  
 
41 83 351 198 17 156  
 
87 6 494 79 251 137  
 
327 44 253 165 0 502  
 
456 245 11 1 359 244  
 
99 458 356 24 101 325  
 
211 450 405 119 410 276  
 
204 336 412 116 373 330  
 
247 404 242 91 208 92  
 
86 371 338 342 429 10  
 
181 360 76 478 299 32  
 
95 485 452 452 57 89  
 
199 104 432 387 228 39  
 
433 208 495 1 400 407  
 
383 79 439 6 236 160  
 
493 20 392 455 216 331  
 
455 409 5 476 56 138  
 
347 497 247 323 205 397  
 
228 72 389 215 429 156  
 
330 5 183 219 379 68  
 
159 372 348 4 388 178  
 
388 501 80 218 397 463  
 
305 76 71 56 57 371  
 
502 51 219 470 315 405  
 
67 71 11 133 40 462  
 
18 195 321 134 207 463  
 
173 362 334 83 256 33  
 
222 396 427 347 457 498  
 
188 183 191 415 77 434  
 
45 323 270 180 370 324  
 
174 36 305 454 411 285  
 
29 439 25 404 126 102  
 
27 136 56 377 226 500  
 
413 477 239 242 29 122  
 
105 77 120 405 21 59  
 
253 83 463 392 172 72  
 
1 114 118 351 224 368  
 
380 99 160 405 305 289  
 
52 168 219 187 144 180  
 
369 109 241 293 378 121  
 
280 207 229 159 342 468  
 
69 488 17 147 398 489  
 
58 94 355 143 421 384  
 
283 358 20 325 75 301  
 
98 206 324 179 145 75  
 
186 498 425 105 318 20  
 
352 32 79 248 279 492  
 
505 409 87 243 226 9  
 
207 481 118 15 56 89  
 
97 369 213 18 396 325  
 
95 9 328 390 82 246  
 
54 66 343 284 132 239  
 
285 113 94 5 315 205  
 
490 188 268 359 418 114  
 
185 436 73 279 220 254  
 
141 69 315 457 454 470  
 
270 466 145 37 285 386  
 
418 130 203 435 34 147  
 
235 224 80 76 340 151  
 
315 239 278 324 118 145  
 
131 282 279 502 258 475  
 
313 29 148 310 469 146  
 
2 313 44 365 74 480  
 
450 90 280 225 105 363  
 
261 64 187 322 89 282  
 
318 273 338 388 188 245  
 
70 281 131 28 349 35  
 
315 155 444 86 192 197  
 
410 133 484 49 345 56  
 
306 247 52 387 378 302  
 
170 317 497 268 15 227  
 
346 17 298 291 362 257  
 
232 507 260 136 0 474  
 
213 395 80 0 398 127  
 
446 104 411 255 309 417  
 
385 187 259 323 385 322  
 
162 417 249 240 237 5  
 
20 284 233 329 171 161  
 
477 325 339 506 177 220  
 
340 282 471 233 402 306  
 
64 261 331 116 423 30  
 
402 41 140 150 234 217  
 
156 480 41 475 256 355  
 
423 64 179 442 453 357  
 
405 366 488 151 166 400  
 
451 144 106 485 171 186  
 
41 24 166 483 447 366  
 
448 486 229 435 118 230  
 
452 85 220 406 58 171  
 
268 232 217 35 341 459  
 
327 150 69 258 92 171  
 
175 115 177 214 118 247  
 
365 227 265 500 447 399  
 
206 49 179 144 279 47  
 
34 143 307 6 467 299  
 
397 453 269 24 472 283  
 
221 260 359 242 262 215  
 
13 220 43 281 469 143  
 
214 29 47 54 72 281  
 
120 347 377 474 116 377  
 
147 112 0 370 123 322  
 
388 306 222 340 23 92  
 
332 177 335 136 368 5  
 
270 94 157 351 283 82  
 
480 218 79 331 392 337  
 
29 144 285 289 506 193  
 
363 278 436 352 376 467  
 
465 264 340 364 63 488  
 
320 484 258 406 281 103  
 
237 236 54 508 367 486  
 
446 421 149 220 58 287  
 
296 442 325 178 193 63  
 
81 273 456 500 129 291  
 
10 387 387 251 212 115  
 
284 372 437 404 59 34  
 
39 229 323 247 443 115  
 
438 476 303 348 269 21  
 
218 195 359 77 173 311  
 
33 503 243 20 123 435  
 
216 60 419 353 12 290  
 
390 475 101 38 84 110  
 
22 455 39 394 103 449  
 
348 236 255 304 221 370  
 
170 177 34 13 329 26  
 
460 23 112 240 233 151  
 
447 238 81 317 229 314  
 
380 388 278 22 345 221  
 
13 11 3 121 500 187  
 
472 411 153 479 148 479  
 
494 229 47 109 289 346  
 
506 163 130 388 25 316  
 
323 142 134 388 125 309  
 
8 261 57 169 494 447  
 
390 14 479 66 69 142  
 
138 168 40 54 392 469  
 
398 437 268 451 257 446  
 
199 81 499 257 354 484  
 
155 225 228 46 55 199  
 
145 24 149 176 484 489  
 
495 283 22 10 476 506  
 
96 354 485 65 379 305  
 
196 284 82 234 338 5  
 
348 159 99 93 37 68  
 
483 170 324 398 287 1  
 
507 70 420 286 475 389  
 
72 229 395 216 131 83  
 
35 445 426 187 397 420  
 
208 127 275 354 471 357  
 
212 373 499 439 130 470  
 
6 317 320 340 486 299  
 
151 35 10 450 277 97  
 
469 169 433 26 233 341  
 
374 426 342 181 421 325  
 
184 297 395 402 218 85  
 
123 223 379 90 60 129  
 
316 169 158 376 47 118  
 
19 456 0 66 420 101  
 
245 281 207 327 221 78  
 
474 124 231 211 424 309  
 
322 372 245 256 64 116  
 
441 504 98 3 84 503  
 
138 137 438 35 217 391  
 
144 28 163 377 238 100  
 
207 270 370 145 142 12  
 
189 356 355 466 362 392  
 
87 27 178 456 248 166  
 
164 330 119 335 156 250  
 
31 389 484 431 109 72  
 
479 375 287 160 285 86  
 
190 357 235 375 489 438  
 
61 309 455 124 262 435  
 
408 356 36 116 59 340  
 
453 57 71 449 128 464  
 
356 315 128 439 455 7  
 
105 205 82 357 475 248  
 
365 474 425 370 192 118  
 
389 456 146 83 318 301  
 
2 38 393 287 63 80  
 
217 473 417 38 294 106  
 
101 317 123 359 80 279  
 
98 380 22 389 213 394  
 
234 60 301 258 66 206  
 
413 345 199 70 402 349  
 
61 92 500 20 146 491  
 
385 113 216 393 280 370  
 
345 456 4 196 450 439  
 
168 266 23 465 107 223  
 
24 254 233 386 29 266  
 
343 477 317 63 225 352  
 
219 458 209 185 332 54  
 
25 396 447 163 201 397  
 
0 223 335 223 149 148  
 
4 383 268 233 120 305  
 
96 155 319 137 337 212  
 
154 334 484 151 252 39  
 
294 104 289 20 91 214  
 
478 444 360 367 291 102  
 
418 383 206 180 337 179  
 
436 60 385 189 485 170  
 
189 127 394 185 206 137  
 
507 85 367 248 493 44  
 
421 51 473 128 403 403  
 
239 478 65 285 187 320  
 
237 379 229 224 45 220  
 
223 204 401 496 151 480  
 
167 242 3 341 307 311  
 
231 16 66 466 135 456  
 
303 138 373 138 80 321  
 
308 249 175 18 463 208  
 
23 272 6 180 476 278  
 
107 259 226 441 255 480  
 
65 127 348 389 18 420  
 
321 201 66 417 231 209  
 
256 142 41 224 272 268  
 
343 480 86 406 234 186  
 
200 202 323 66 227 318  
 
216 135 193 390 116 141  
 
79 346 159 13 450 118  
 
226 357 467 250 245 95  
 
262 187 403 423 15 225  
 
413 451 141 250 466 411  
 
436 56 310 355 427 499  
 
419 342 322 149 501 101  
 
131 166 108 504 373 20  
 
63 0 407 76 410 421  
 
45 356 471 206 358 473  
 
159 293 382 358 331 469  
 
313 194 122 247 463 245  
 
65 75 2 183 408 203  
 
295 444 487 77 156 126  
 
426 349 464 19 344 255  
 
424 149 326 170 51 78  
 
176 157 505 317 52 195  
 
93 470 501 227 379 111  
 
36 153 338 444 314 473  
 
483 160 277 405 460 122  
 
65 471 340 355 374 44  
 
433 183 22 376 39 406  
 
55 250 81 491 121 33  
 
332 181 280 180 219 301  
 
340 283 155 442 221 245  
 
405 300 32 466 262 43  
 
182 462 399 365 113 321  
 
158 61 367 465 204 181  
 
55 317 319 358 341 52  
 
264 96 38 377 218 455  
 
191 505 31 418 390 156  
 
501 172 413 330 89 260  
 
369 315 480 298 485 240  
 
152 454 342 194 140 175  
 
412 12 480 259 257 72  
 
242 335 318 505 120 452  
 
457 187 352 455 247 277  
 
338 478 346 34 355 323  
 
455 240 271 231 101 209  
 
467 235 272 492 252 204  
 
61 372 505 117 386 323  
 
276 38 248 138 449 199  
 
153 168 140 195 505 136  
 
461 432 442 506 350 19  
 
87 277 258 291 461 411  
 
237 232 440 162 21 198  
 
76 147 54 400 474 243  
 
221 135 147 388 387 191  
 
402 240 454 125 301 386  
 
474 407 353 238 502 500  
 
323 73 384 336 210 74  
 
220 241 185 243 50 94  
 
350 225 431 166 97 356  
 
59 476 372 283 410 341  
 
74 425 299 168 445 5  
 
296 36 49 456 208 487  
 
60 165 419 19 284 46  
 
0 496 155 47 169 481  
 
77 436 255 450 98 252  
 
471 285 435 124 110 428  
 
44 75 239 48 74 427  
 
276 47 407 294 16 94  
 
483 230 340 71 14 138  
 
195 320 313 456 270 30  
 
457 389 320 276 327 459  
 
487 303 503 480 26 152  
 
383 300 142 104 449 165  
 
357 467 213 291 271 202  
 
170 207 387 247 204 508  
 
202 226 90 396 137 401  
 
225 430 279 137 185 137  
 
120 344 114 77 419 258  
 
87 80 414 148 211 195  
 
234 17 301 121 352 284  
 
306 440 142 151 256 456  
 
17 46 425 314 496 405  
 
447 246 81 429 398 299  
 
330 166 367 16 352 64  
 
179 437 321 363 143 346  
 
404 404 216 195 335 117  
 
390 350 283 164 9 223  
 
73 432 283 77 302 360  
 
373 308 237 95 355 217  
 
328 250 418 491 428 0  
 
222 314 279 265 469 54  
 
448 207 475 318 196 98  
 
42 434 129 234 158 89  
 
357 98 72 151 309 199  
 
258 186 336 176 485 28  
 
185 337 91 16 390 240  
 
375 198 36 135 274 254  
 
420 364 57 318 351 383  
 
492 47 131 332 428 294  
 
447 271 371 319 270 473  
 
365 96 50 324 147 427  
 
293 334 306 20 60 145  
 
485 269 28 320 20 31  
 
411 296 500 329 121 0  
 
46 95 462 437 326 59  
 
390 386 399 227 8 456  
 
491 91 214 149 280 48  
 
12 497 333 270 478 260  
 
163 426 265 276 21 416  
 
44 95 114 93 198 474  
 
39 230 233 307 155 492  
 
368 401 42 63 326 373  
 
20 29 492 406 39 426  
 
258 400 222 477 52 119  
 
257 467 47 457 488 249  
 
38 184 382 303 93 340  
 
273 295 82 65 322 171  
 
325 329 490 333 313 39  
 
50 294 45 126 18 220  
 
440 272 386 340 18 351  
 
22 61 352 247 233 140  
 
448 107 310 140 208 25  
 
382 71 151 217 416 301  
 
220 70 198 107 122 468  
 
180 488 3 388 17 419  
 
418 127 215 32 180 68  
 
327 425 350 145 316 300  
 
284 305 344 110 176 151  
 
311 374 88 218 154 501  
 
472 284 27 184 141 415  
 
121 55 3 406 119 436  
 
60 365 104 483 107 451  
 
88 289 114 87 235 68  
 
87 99 405 301 248 457  
 
271 355 416 263 43 430  
 
320 190 220 196 68 70  
 
309 335 325 8 180 336  
 
217 255 443 397 460 481  
 
235 7 80 492 298 52  
 
11 216 13 205 279 374  
 
152 435 348 464 395 204  
 
109 49 33 222 215 230  
 
15 259 45 127 396 26  
 
89 75 501 289 76 450  
 
149 495 59 394 143 312  
 
329 292 62 44 456 235  
 
256 99 236 173 499 306  
 
305 182 404 232 11 294  
 
175 382 198 219 196 181  
 
358 116 275 459 137 369  
 
318 435 356 53 253 140  
 
114 413 341 447 481 73  
 
111 162 269 188 112 296  
 
187 153 292 178 43 237  
 
492 115 272 225 274 400  
 
356 275 357 427 67 14  
 
159 222 44 120 321 390  
 
443 24 201 27 335 127  
 
369 435 447 13 323 414  
 
496 427 180 294 125 495  
 
67 339 284 295 102 207  
 
297 449 8 274 155 267  
 
357 381 461 34 33 163  
 
443 137 33 508 219 407  
 
116 486 472 285 218 114  
 
455 267 225 280 184 477  
 
464 399 378 480 467 344  
 
206 494 214 252 35 37  
 
294 339 240 383 258 231  
 
256 82 429 18 211 250  
 
36 327 378 139 211 6  
 
460 494 300 377 85 311  
 
159 30 145 249 105 410  
 
313 329 191 196 488 406  
 
312 28 57 125 4 42  
 
507 401 131 85 209 266  
 
136 310 486 450 114 188  
 
233 80 376 439 409 497  
 
272 416 120 6 78 114  
 
176 328 97 352 476 266  
 
40 150 199 119 18 235  
 
109 104 192 213 353 160  
 
416 159 45 141 39 460  
 
291 374 110 111 366 420  
 
75 385 263 283 413 175  
 
196 254 487 21 455 325  
 
125 126 189 424 316 142  
 
268 167 175 24 88 462  
 
498 226 254 497 284 2  
 
271 262 178 502 107 128  
 
173 136 284 281 12 443  
 
110 151 230 442 346 176  
 
5 269 156 42 373 434  
 
421 154 181 464 300 195  
 
57 237 92 120 164 221  
 
16 121 76 120 205 6  
 
107 422 179 300 472 181  
 
432 227 61 10 15 259  
 
261 66 8 421 257 384  
 
111 55 429 71 265 168  
 
384 403 315 153 448 193  
 
60 167 204 234 448 378  
 
440 164 445 499 171 326  
 
233 367 66 140 287 337  
 
365 497 296 305 43 61  
 
395 490 120 439 242 200  
 
22 466 146 210 61 334  
 
490 180 21 105 393 39  
 
51 392 463 483 90 189  
 
3 34 144 499 268 81  
 
355 417 205 322 148 68  
 
241 435 201 77 57 334  
 
494 2 257 252 99 279  
 
135 316 336 378 260 26  
 
464 304 470 174 206 14  
 
235 363 68 358 150 397  
 
37 217 393 83 110 414  
 
141 444 463 446 120 175  
 
415 497 358 185 381 447  
 
266 314 405 386 221 481  
 
275 194 192 463 122 431  
 
434 51 341 158 264 116  
 
170 253 148 78 258 413  
 
114 119 453 212 67 217  
 
346 110 288 103 37 455  
 
190 200 364 399 486 79  
 
343 379 53 490 75 325  
 
265 105 18 196 89 180  
 
250 470 80 194 345 490  
 
255 7 317 232 487 153  
 
6 403 472 328 322 29  
 
501 1 457 220 62 246  
 
123 31 371 338 407 220  
 
108 213 200 53 326 341  
 
182 45 207 494 337 464  
 
257 161 473 381 376 318  
 
337 69 236 76 328 442  
 
219 158 103 282 382 120  
 
86 254 48 132 475 458  
 
412 54 21 156 500 137  
 
335 482 116 90 109 450  
 
208 400 147 357 445 145  
 
150 6 70 276 368 284  
 
209 270 314 93 105 435  
 
399 278 232 259 417 234  
 
421 345 151 193 464 175  
 
330 285 374 282 410 327  
 
154 8 236 22 193 180  
 
491 385 120 361 239 55  
 
293 285 116 277 1 190  
 
119 45 437 86 437 54  
 
234 484 456 271 294 186  
 
437 266 381 155 297 17  
 
129 193 485 103 198 237  
 
479 288 313 89 68 45  
 
461 329 139 317 503 139  
 
225 221 33 437 475 181  
 
189 403 262 63 364 188  
 
84 366 124 266 159 428  
 
207 31 154 475 383 385  
 
500 107 68 332 323 398  
 
161 151 233 406 281 418  
 
176 407 125 155 148 364  
 
173 430 306 285 336 138  
 
130 88 333 193 131 435  
 
329 24 35 26 390 449  
 
12 259 316 385 489 290  
 
195 228 455 465 197 52  
 
489 473 300 391 432 6  
 
287 427 339 257 2 77  
 
118 409 450 496 431 490  
 
314 268 135 396 160 377  
 
276 350 375 161 418 147  
 
47 123 348 485 146 386  
 
298 114 14 420 21 419  
 
252 263 25 335 490 371  
 
295 230 181 206 495 489  
 
440 159 396 290 6 217  
 
340 330 81 51 475 198  
 
486 450 223 333 233 412  
 
334 243 27 313 392 497  
 
310 140 189 207 104 268  
 
259 144 289 67 335 227  
 
448 19 314 480 115 200  
 
167 6 75 393 118 312  
 
459 105 68 481 352 165  
 
206 103 406 13 13 346  
 
69 7 9 427 212 55  
 
291 293 497 124 232 474  
 
334 174 98 225 345 412  
 
222 217 168 473 113 16  
 
273 430 395 0 126 132  
 
139 82 107 233 370 313  
 
323 68 437 47 394 12  
 
493 390 367 78 340 322  
 
65 31 263 269 37 242  
 
57 11 421 194 17 389  
 
243 331 298 95 363 191  
 
205 86 492 363 162 237  
 
429 494 89 273 224 25  
 
304 318 447 26 7 414  
 
330 427 56 121 383 275  
 
245 279 495 92 425 268  
 
25 362 208 133 103 342  
 
106 305 362 451 76 301  
 
345 413 281 421 353 63  
 
264 292 484 93 431 238  
 
425 97 12 166 364 507  
 
45 132 101 209 297 448  
 
236 381 411 84 187 247  
 
249 9 287 181 67 224  
 
317 410 109 452 404 289  
 
483 387 93 236 503 140  
 
331 92 224 187 118 122  
 
46 402 187 507 373 372  
 
246 321 273 484 368 429  
 
12 122 127 261 155 35  
 
488 281 58 281 371 251  
 
183 181 367 471 448 299  
 
381 274 113 441 181 103  
 
293 43 24 488 219 285  
 
253 235 49 277 457 14  
 
340 155 198 295 26 341  
 
147 139 329 366 302 129  
 
373 443 169 223 188 35  
 
21 436 68 373 393 416  
 
111 327 296 110 202 126  
 
339 29 78 155 163 149  
 
120 28 380 387 362 456  
 
225 57 63 93 26 396  
 
311 287 93 364 359 333  
 
460 334 215 202 143 457  
 
496 185 128 407 475 306  
 
83 244 434 2 169 443  
 
93 18 85 288 161 215  
 
58 180 111 364 50 149  
 
362 494 318 477 139 147  
 
42 102 257 429 333 287  
 
123 484 231 482 382 187  
 
357 435 115 359 72 433  
 
232 123 64 363 280 245  
 
295 358 94 120 493 10  
 
134 406 20 384 166 377  
 
117 309 198 95 474 245  
 
453 232 21 432 464 250  
 
457 7 227 315 492 366  
 
197 314 419 453 220 317  
 
60 142 506 394 0 200  
 
215 237 185 226 332 354  
 
43 276 387 454 58 496  
 
164 33 56 328 427 51  
 
470 465 339 167 458 120  
 
288 114 244 508 424 345  
 
430 324 53 203 219 109  
 
55 164 377 501 117 26  
 
98 501 121 122 230 504  
 
81 279 39 486 39 31  
 
121 484 224 498 124 285  
 
417 179 466 421 351 391  
 
180 365 290 465 331 493  
 
80 77 248 385 462 54  
 
104 331 391 4 111 181  
 
301 491 88 131 368 465  
 
59 483 76 462 321 99  
 
147 268 208 149 453 67  
 
482 38 474 277 69 97  
 
310 464 383 442 273 132  
 
399 4 132 92 58 316  
 
175 75 76 469 286 258  
 
148 412 407 280 301 137  
 
438 137 128 287 385 378  
 
66 243 495 481 64 431  
 
126 471 460 366 130 43  
 
402 338 152 49 373 123  
 
464 164 401 335 8 74  
 
464 242 122 155 348 96  
 
59 433 187 460 250 307  
 
504 489 87 141 206 339  
 
127 153 158 348 61 446  
 
17 97 415 392 294 37  
 
93 419 30 159 435 175  
 
411 280 144 97 135 437  
 
292 104 348 73 317 267  
 
26 91 95 90 151 161  
 
450 218 339 10 217 176  
 
169 282 185 12 37 286  
 
422 240 125 459 101 288  
 
407 461 433 46 351 37  
 
386 206 208 103 51 96  
 
471 463 392 224 234 411  
 
258 395 211 451 105 95  
 
222 16 324 176 167 19  
 
69 318 483 198 19 253  
 
507 88 319 151 144 265  
 
246 22 136 362 253 115  
 
286 424 62 442 477 423  
 
13 506 343 132 264 115  
 
111 227 178 289 246 380  
 
25 17 187 70 285 215  
 
508 487 204 9 129 173  
 
65 149 207 224 276 247  
 
489 504 181 471 217 36  
 
87 53 179 53 254 205  
 
162 290 420 425 139 8  
 
483 231 164 276 288 479  
 
404 192 63 207 199 27  
 
377 12 59 315 393 396  
 
389 232 244 483 77 315  
 
67 273 303 146 53 109  
 
125 398 217 508 472 31  
 
181 393 501 248 89 428  
 
5 446 357 287 160 202  
 
384 352 23 493 496 341  
 
143 366 50 205 464 89  
 
398 188 383 349 204 164  
 
121 244 32 155 483 361  
 
118 38 105 484 325 57  
 
397 120 154 305 125 463  
 
246 330 348 489 84 99  
 
99 383 282 227 138 107  
 
275 267 281 433 210 439  
 
472 246 233 422 311 477  
 
208 73 318 429 93 11  
 
314 369 79 334 269 104  
 
273 50 120 420 156 405  
 
179 275 48 242 407 91  
 
446 191 104 158 141 345  
 
174 299 179 365 435 477  
 
300 329 322 79 283 320  
 
350 471 37 329 450 311  
 
216 181 385 436 209 105  
 
142 300 290 81 477 29  
 
30 252 48 444 406 237  
 
290 85 376 439 358 475  
 
151 153 221 383 128 60  
 
312 477 426 469 79 60  
 
423 240 213 455 481 251  
 
337 180 370 284 373 157  
 
479 278 415 250 186 214  
 
501 356 256 332 422 507  
 
276 467 376 346 274 214  
 
405 351 347 245 204 323  
 
488 63 344 339 114 103  
 
308 321 113 206 211 307  
 
62 163 341 238 409 9  
 
76 230 492 172 302 144  
 
446 376 251 497 467 248  
 
283 229 126 478 333 182  
 
208 49 264 317 352 78  
 
288 325 258 181 439 434  
 
469 268 447 210 113 255  
 
502 22 75 54 190 304  
 
470 371 254 202 435 406  
 
31 95 92 494 485 78  
 
269 452 419 172 344 412  
 
354 317 59 242 37 428  
 
40 195 327 9 426 112  
 
58 32 422 10 293 390  
 
475 478 268 401 106 411  
 
430 16 367 16 508 125  
 
29 52 8 393 430 143  
 
159 58 334 233 397 469  
 
22 337 74 481 282 87  
 
443 205 65 186 51 151  
 
382 142 179 258 34 93  
 
456 47 405 213 426 170  
 
224 501 492 357 218 318  
 
196 279 477 393 471 330  
 
110 439 384 101 49 245  
 
424 375 200 91 433 350  
 
46 444 12 98 72 130  
 
428 45 71 393 187 238  
 
155 40 5 151 318 287  
 
164 361 216 303 97 132  
 
68 111 65 420 25 438  
 
460 406 290 160 339 21  
 
163 105 272 298 439 276  
 
474 82 380 84 204 185  
 
88 108 221 393 376 399  
 
23 420 386 254 61 379  
 
167 118 115 328 307 390  
 
444 25 294 158 427 318  
 
31 159 226 129 303 200  
 
98 359 28 134 260 394  
 
191 303 445 159 312 265  
 
135 279 102 84 280 436  
 
9 84 200 286 98 318  
 
31 335 97 133 224 246  
 
363 236 85 415 91 439  
 
352 444 78 479 338 303  
 
328 438 94 129 287 317  
 
50 460 307 264 361 492  
 
339 500 412 59 173 406  
 
278 505 189 333 88 269  
 
116 426 185 318 144 147  
 
308 314 188 178 171 444  
 
399 433 461 139 391 122  
 
398 426 11 165 182 136  
 
314 347 42 320 481 2  
 
338 22 25 423 45 487  
 
364 196 202 47 419 236  
 
254 349 503 252 141 479  
 
395 292 313 355 455 124  
 
428 433 461 248 99 47  
 
440 210 33 255 253 438  
 
354 106 471 64 462 416  
 
206 421 128 352 345 219  
 
324 9 30 481 102 402  
 
279 490 197 158 272 483  
 
392 12 506 394 505 341  
 
508 267 296 388 448 196  
 
484 478 340 246 356 136  
 
2 145 392 397 411 440  
 
482 296 16 75 421 49  
 
396 242 148 116 80 379  
 
495 364 293 255 402 392  
 
461 416 160 270 308 57  
 
369 498 379 354 204 15  
 
143 366 227 455 415 227  
 
32 251 181 149 193 364  
 
381 136 258 175 462 31  
 
339 343 402 86 311 187  
 
417 218 92 283 264 495  
 
23 502 318 205 80 405  
 
170 395 5 270 366 245  
 
237 408 357 64 441 303  
 
478 177 116 284 362 27  
 
141 96 393 262 200 74  
 
117 308 468 197 435 251  
 
446 91 414 113 88 433  
 
409 38 111 45 122 150  
 
256 374 428 31 52 188  
 
372 150 90 91 271 156  
 
109 379 243 303 498 393  
 
181 480 353 20 316 252  
 
284 233 313 473 135 115  
 
391 255 72 29 351 201  
 
240 123 183 268 83 104  
 
443 380 3 504 82 59  
 
293 170 316 490 183 398  
 
344 295 118 176 404 68  
 
150 243 444 153 167 399  
 
477 256 345 102 474 500  
 
314 377 58 487 331 122  
 
217 184 22 288 398 122  
 
172 404 397 433 56 459  
 
7 460 506 36 13 391  
 
138 300 129 18 15 492  
 
222 296 236 354 501 303  
 
443 207 387 356 157 49  
 
59 129 294 203 420 262  
 
327 139 396 24 154 339  
 
113 140 220 388 209 329  
 
95 195 436 158 106 404  
 
241 162 343 403 185 406  
 
12 118 207 278 186 397  
 
66 239 195 358 391 35  
 
326 89 115 59 501 505  
 
263 128 268 236 461 312  
 
329 472 255 429 147 389  
 
68 59 263 45 100 337  
 
387 106 179 29 158 245  
 
21 314 491 131 322 67  
 
180 367 499 474 11 37  
 
171 112 159 203 316 280  
 
271 174 336 148 432 359  
 
224 436 493 157 68 140  
 
342 181 333 471 159 196  
 
466 117 276 325 471 254  
 
134 32 468 211 476 486  
 
424 469 453 289 281 428  
 
385 498 32 25 105 282  
 
250 402 42 310 312 342  
 
8 176 125 240 220 183  
 
367 287 288 139 349 219  
 
496 270 462 417 388 16  
 
294 2 135 353 86 470  
 
210 416 450 97 299 474  
 
340 192 470 137 49 452  
 
92 197 189 47 136 497  
 
413 230 186 343 66 277  
 
4 134 15 339 389 474  
 
167 101 57 101 484 186  
 
424 252 280 104 326 0  
 
330 398 466 254 434 422  
 
359 304 194 190 62 497  
 
222 255 255 154 469 125  
 
457 64 477 34 28 421  
 
91 151 291 464 385 306  
 
260 67 500 301 418 462  
 
165 482 206 186 320 265  
 
416 193 203 264 39 346  
 
76 263 67 73 491 174  
 
37 371 300 281 214 154  
 
168 467 494 409 423 248  
 
486 202 320 27 313 500  
 
141 77 461 20 168 283  
 
258 408 218 65 494 239  
 
458 397 2 144 424 319  
 
417 239 487 129 238 389  
 
226 276 144 477 484 383  
 
186 258 171 235 100 308  
 
336 423 39 452 344 185  
 
189 105 31 453 72 131  
 
164 166 175 55 411 103  
 
31 238 423 254 196 318  
 
171 46 99 303 1 180  
 
469 172 471 274 240 403  
 
144 413 179 4 336 35  
 
425 506 480 374 460 237  
 
43 487 442 28 453 127  
 
166 299 175 81 447 326  
 
279 182 350 86 15 493  
 
156 256 26 484 478 184  
 
376 414 53 49 380 154  
 
448 71 104 454 498 28  
 
334 193 65 453 40 92  
 
376 320 86 282 135 458  
 
63 106 20 347 451 222  
 
161 107 421 114 407 225  
 
199 372 503 200 471 158  
 
263 165 243 4 250 245  
 
178 407 124 51 494 242  
 
435 29 190 87 232 317  
 
465 128 147 241 123 382  
 
327 118 320 123 137 497  
 
374 377 338 455 473 151  
 
32 227 415 341 123 186  
 
41 43 418 301 260 183  
 
219 99 135 261 375 120  
 
258 458 47 278 91 377  
 
119 231 140 72 393 431  
 
362 227 159 90 290 115  
 
67 242 56 253 405 47  
 
345 369 72 148 436 80  
 
454 168 82 95 204 324  
 
212 19 221 35 408 339  
 
26 159 407 232 291 131  
 
79 25 443 431 355 272  
 
478 27 243 141 59 491  
 
500 227 87 192 372 104  
 
45 369 292 46 166 216  
 
410 370 398 16 355 488  
 
498 43 293 314 101 399  
 
355 308 375 430 330 284  
 
96 487 337 130 99 335  
 
408 230 236 169 49 209  
 
506 466 360 97 345 44  
 
428 246 156 25 46 456  
 
243 51 22 230 20 351  
 
9 488 486 324 50 104  
 
356 477 350 274 195 187  
 
52 190 28 371 196 180  
 
428 214 27 472 273 346  
 
496 261 203 412 48 490  
 
210 366 195 2 17 383  
 
82 225 419 11 207 112  
 
431 402 56 31 126 91  
 
459 0 266 34 461 43  
 
175 242 102 20 429 370  
 
485 133 286 456 382 31  
 
432 251 437 226 301 193  
 
77 185 325 313 425 302  
 
369 230 18 199 337 336  
 
159 0 149 183 253 124  
 
371 419 141 137 229 306  
 
334 132 48 501 162 21  
 
417 291 271 16 478 151  
 
33 201 14 153 1 99  
 
437 378 403 6 481 68  
 
289 65 67 5 209 267  
 
118 276 91 79 100 150  
 
46 127 335 167 464 115  
 
488 189 151 337 379 439  
 
419 30 275 403 35 170  
 
226 226 112 305 465 234  
 
120 506 300 169 221 418  
 
289 115 275 6 33 343  
 
182 29 358 420 100 278  
 
371 8 485 443 5 261  
 
22 94 13 440 162 214  
 
282 494 250 490 433 53  
 
89 25 427 129 143 493  
 
506 281 253 274 283 38  
 
222 292 421 237 490 484  
 
340 49 76 323 220 339  
 
110 194 45 227 375 502  
 
249 431 231 342 32 391  
 
185 15 77 201 1 363  
 
132 467 352 318 313 46  
 
468 5 482 500 447 240  
 
248 197 473 28 237 278  
 
5 336 200 259 499 223  
 
90 278 192 276 339 49  
 
443 270 392 416 407 346  
 
298 168 371 446 55 390  
 
483 167 293 7 186 313  
 
127 117 328 101 379 428  
 
479 506 435 216 211 212  
 
216 357 112 200 28 102  
 
495 380 478 42 341 114  
 
114 129 464 355 3 359  
 
110 307 251 131 114 336  
 
490 76 425 250 306 223  
 
449 0 359 18 137 396  
 
340 375 337 134 211 491  
 
41 174 157 31 95 85  
 
277 457 214 385 148 485  
 
26 99 290 499 479 479  
 
499 401 423 69 331 358  
 
451 81 484 92 103 50  
 
113 310 329 144 451 92  
 
228 130 153 65 305 227  
 
17 326 11 141 115 467  
 
244 279 290 499 468 378  
 
474 175 308 74 207 197  
 
410 339 507 184 305 68  
 
340 214 402 269 45 27  
 
244 143 129 330 360 488  
 
339 140 20 206 232 463  
 
431 128 451 44 315 345  
 
190 237 284 426 450 401  
 
425 121 252 403 307 465  
 
361 122 12 508 181 209  
 
149 328 428 223 317 362  
 
480 302 417 201 460 273  
 
172 436 51 399 3 268  
 
476 157 460 408 241 398  
 
26 118 429 227 180 80  
 
115 227 22 317 456 138  
 
166 450 261 284 5 142  
 
261 79 0 390 322 84  
 
330 471 442 80 213 443  
 
194 370 180 393 354 61  
 
453 237 485 351 408 409  
 
261 168 407 24 194 302  
 
501 397 333 294 207 444  
 
378 230 254 71 369 223  
 
494 61 87 154 508 168  
 
264 48 230 192 480 459  
 
358 379 396 371 39 209  
 
235 136 71 330 183 442  
 
320 5 471 98 45 118  
 
486 49 284 372 258 365  
 
180 270 304 336 420 397  
 
273 172 469 448 282 272  
 
7 346 100 135 388 129  
 
323 457 246 464 312 187  
 
153 379 395 136 490 438  
 
200 172 107 179 116 14  
 
216 98 291 182 73 224  
 
125 38 460 129 76 362  
 
147 401 238 5 7 290  
 
255 304 220 389 27 115  
 
196 348 11 12 431 104  
 
194 76 381 81 181 388  
 
67 349 33 88 102 202  
 
31 453 265 358 472 468  
 
121 322 302 491 48 478  
 
247 429 277 31 336 247  
 
13 486 239 502 156 90  
 
443 281 300 22 116 318  
 
28 340 103 298 246 490  
 
337 272 401 71 71 184  
 
2 393 142 182 495 34  
 
480 348 143 306 6 117  
 
130 87 438 111 319 300  
 
306 329 441 402 374 4  
 
67 55 336 346 500 457  
 
457 50 20 353 22 316  
 
359 363 383 115 237 85  
 
126 243 484 195 351 25  
 
469 221 481 51 307 79  
 
338 469 274 345 335 440  
 
362 34 109 104 334 453  
 
191 120 384 425 45 217  
 
81 142 169 411 215 243  
 
124 440 2 214 435 383  
 
346 35 221 411 352 225  
 
