0 8
1 8
2 1 4 921
3 8
4 2
5 8
6 4
7 8
8 3 1359
9 8
10 1 4 5063
11 1 8 6460
12 2
13 1 4 617
14 4
15 1 1 7894
16 3 4331
17 1 4 5368
18 2
19 2
20 4
21 2
22 3 6928
23 2
24 4
25 4
26 3 11322
27 4
28 3 7001
29 3 7766
0 8
1 8
2 1 4 6517
3 8
4 2
5 8
6 4
7 8
8 3 5379
9 8
10 1 1 6024
11 1 2 5503
12 2
13 1 4 3796
14 4
15 1 4 3296
16 3 106
17 1 4 11300
18 2
19 2
20 4
21 2
22 3 8598
23 2
24 4
25 4
26 3 4743
27 4
28 3 2300
29 3 5417
0 8
1 8
2 1 4 4539
3 8
4 2
5 8
6 4
7 8
8 3 6510
9 8
10 1 8 11378
11 1 8 4548
12 2
13 1 8 1813
14 4
15 1 8 631
16 3 75
17 1 2 2438
18 2
19 2
20 4
21 2
22 3 5449
23 2
24 4
25 4
26 3 2398
27 4
28 3 11
29 3 6854
0 8
1 8
2 1 1 2751
3 8
4 2
5 8
6 4
7 8
8 3 5431
9 8
10 1 8 3151
11 1 1 8502
12 2
13 1 4 1700
14 4
15 1 4 1989
16 3 862
17 1 4 1887
18 2
19 2
20 4
21 2
22 3 5631
23 2
24 4
25 4
26 3 2159
27 4
28 3 885
29 3 457
0 8
1 8
2 1 4 10349
3 8
4 2
5 8
6 4
7 8
8 3 3446
9 8
10 1 4 11800
11 1 2 2885
12 2
13 1 8 6832
14 4
15 1 2 4055
16 3 3013
17 1 8 7300
18 2
19 2
20 4
21 2
22 3 7368
23 2
24 4
25 4
26 3 9010
27 4
28 3 6486
29 3 3444
0 8
1 8
2 1 4 7773
3 8
4 2
5 8
6 4
7 8
8 3 11341
9 8
10 1 8 1947
11 1 8 8755
12 2
13 1 8 8021
14 4
15 1 2 4600
16 3 6478
17 1 2 3532
18 2
19 2
20 4
21 2
22 3 5589
23 2
24 4
25 4
26 3 357
27 4
28 3 10580
29 3 7835
0 8
1 8
2 1 2 2781
3 8
4 2
5 8
6 4
7 8
8 3 10195
9 8
10 1 1 7536
11 1 8 7846
12 2
13 1 1 429
14 4
15 1 4 10551
16 3 9375
17 1 4 4418
18 2
19 2
20 4
21 2
22 3 4894
23 2
24 4
25 4
26 3 10239
27 4
28 3 2181
29 3 568
0 8
1 8
2 1 4 4954
3 8
4 2
5 8
6 4
7 8
8 3 1081
9 8
10 1 4 1268
11 1 1 5750
12 2
13 1 8 4196
14 4
15 1 1 806
16 3 7623
17 1 8 11169
18 2
19 2
20 4
21 2
22 3 2295
23 2
24 4
25 4
26 3 9045
27 4
28 3 7677
29 3 1357
0 8
1 8
2 1 8 9135
3 8
4 2
5 8
6 4
7 8
8 3 8175
9 8
10 1 4 4737
11 1 2 7798
12 2
13 1 8 7184
14 4
15 1 8 2831
16 3 4483
17 1 8 5626
18 2
19 2
20 4
21 2
22 3 3091
23 2
24 4
25 4
26 3 1461
27 4
28 3 8710
29 3 8771
0 8
1 8
2 1 2 307
3 8
4 2
5 8
6 4
7 8
8 3 523
9 8
10 1 8 8476
11 1 4 9244
12 2
13 1 4 8460
14 4
15 1 2 11555
16 3 1861
17 1 8 5807
18 2
19 2
20 4
21 2
22 3 11994
23 2
24 4
25 4
26 3 2933
27 4
28 3 11365
29 3 3334
30 1 8 117
31 1 4 9686
32 1 8 21100
33 1 1 52815
34 2
35 2
36 2
37 2
38 4
39 4
40 4
41 4
42 3 35496
43 3 989
44 3 3063
45 3 2262
30 1 1 10694
31 1 1 11146
32 1 4 20146
33 1 8 50913
34 2
35 2
36 2
37 2
38 4
39 4
40 4
41 4
42 3 27213
43 3 7567
44 3 11711
45 3 7850
30 1 2 3029
31 1 1 10690
32 1 8 12241
33 1 4 50733
34 2
35 2
36 2
37 2
38 4
39 4
40 4
41 4
42 3 34204
43 3 2068
44 3 7610
45 3 3542
30 1 4 11112
31 1 2 6185
32 1 4 19343
33 1 1 53005
34 2
35 2
36 2
37 2
38 4
39 4
40 4
41 4
42 3 34103
43 3 5591
44 3 1083
45 3 1318
30 1 4 4345
31 1 8 9238
32 1 2 19992
33 1 8 51751
34 2
35 2
36 2
37 2
38 4
39 4
40 4
41 4
42 3 31607
43 3 3355
44 3 5986
45 3 1392
30 1 4 3151
31 1 8 4050
32 1 8 16950
33 1 4 56573
34 2
35 2
36 2
37 2
38 4
39 4
40 4
41 4
42 3 30858
43 3 390
44 3 5874
45 3 4366
30 1 4 5939
31 1 8 2418
32 1 8 15474
33 1 8 57845
34 2
35 2
36 2
37 2
38 4
39 4
40 4
41 4
42 3 32719
43 3 688
44 3 7128
45 3 3646
30 1 1 7029
31 1 2 11693
32 1 2 22186
33 1 1 54059
34 2
35 2
36 2
37 2
38 4
39 4
40 4
41 4
42 3 27312
43 3 7010
44 3 8406
45 3 3828
30 1 4 4106
31 1 4 6877
32 1 4 14612
33 1 4 52787
34 2
35 2
36 2
37 2
38 4
39 4
40 4
41 4
42 3 32256
43 3 7803
44 3 114
45 3 5220
30 1 4 10782
31 1 8 3773
32 1 4 21331
33 1 8 53780
34 2
35 2
36 2
37 2
38 4
39 4
40 4
41 4
42 3 27893
43 3 10949
44 3 5053
45 3 4311
46 3 1
47 3 1
48 3 1
49 3 1
50 3 1
51 3 1
52 3 1
53 3 1
54 3 1
55 3 1
56 3 12001
57 3 12001
58 3 12001
59 3 12001
60 3 12001
61 3 12001
62 3 12001
63 3 12001
64 3 12001
65 3 12001
66 3 24001
67 3 24001
68 3 24001
69 3 24001
70 3 24001
71 3 24001
72 3 24001
73 3 24001
74 3 24001
75 3 24001
76 3 36001
77 3 36001
78 3 36001
79 3 36001
80 3 36001
81 3 36001
82 3 36001
83 3 36001
84 3 36001
85 3 36001
86 3 48001
87 3 48001
88 3 48001
89 3 48001
90 3 48001
91 3 48001
92 3 48001
93 3 48001
94 3 48001
95 3 48001
46 3 1
47 3 1
48 3 1
49 3 1
50 3 1
51 3 1
52 3 1
53 3 1
54 3 1
55 3 1
56 3 12001
57 3 12001
58 3 12001
59 3 12001
60 3 12001
61 3 12001
62 3 12001
63 3 12001
64 3 12001
65 3 12001
66 3 24001
67 3 24001
68 3 24001
69 3 24001
70 3 24001
71 3 24001
72 3 24001
73 3 24001
74 3 24001
75 3 24001
76 3 36001
77 3 36001
78 3 36001
79 3 36001
80 3 36001
81 3 36001
82 3 36001
83 3 36001
84 3 36001
85 3 36001
86 3 48001
87 3 48001
88 3 48001
89 3 48001
90 3 48001
91 3 48001
92 3 48001
93 3 48001
94 3 48001
95 3 48001
46 3 1
47 3 1
48 3 1
49 3 1
50 3 1
51 3 1
52 3 1
53 3 1
54 3 1
55 3 1
56 3 12001
57 3 12001
58 3 12001
59 3 12001
60 3 12001
61 3 12001
62 3 12001
63 3 12001
64 3 12001
65 3 12001
66 3 24001
67 3 24001
68 3 24001
69 3 24001
70 3 24001
71 3 24001
72 3 24001
73 3 24001
74 3 24001
75 3 24001
76 3 36001
77 3 36001
78 3 36001
79 3 36001
80 3 36001
81 3 36001
82 3 36001
83 3 36001
84 3 36001
85 3 36001
86 3 48001
87 3 48001
88 3 48001
89 3 48001
90 3 48001
91 3 48001
92 3 48001
93 3 48001
94 3 48001
95 3 48001
46 3 1
47 3 1
48 3 1
49 3 1
50 3 1
51 3 1
52 3 1
53 3 1
54 3 1
55 3 1
56 3 12001
57 3 12001
58 3 12001
59 3 12001
60 3 12001
61 3 12001
62 3 12001
63 3 12001
64 3 12001
65 3 12001
66 3 24001
67 3 24001
68 3 24001
69 3 24001
70 3 24001
71 3 24001
72 3 24001
73 3 24001
74 3 24001
75 3 24001
76 3 36001
77 3 36001
78 3 36001
79 3 36001
80 3 36001
81 3 36001
82 3 36001
83 3 36001
84 3 36001
85 3 36001
86 3 48001
87 3 48001
88 3 48001
89 3 48001
90 3 48001
91 3 48001
92 3 48001
93 3 48001
94 3 48001
95 3 48001
46 3 1
47 3 1
48 3 1
49 3 1
50 3 1
51 3 1
52 3 1
53 3 1
54 3 1
55 3 1
56 3 12001
57 3 12001
58 3 12001
59 3 12001
60 3 12001
61 3 12001
62 3 12001
63 3 12001
64 3 12001
65 3 12001
66 3 24001
67 3 24001
68 3 24001
69 3 24001
70 3 24001
71 3 24001
72 3 24001
73 3 24001
74 3 24001
75 3 24001
76 3 36001
77 3 36001
78 3 36001
79 3 36001
80 3 36001
81 3 36001
82 3 36001
83 3 36001
84 3 36001
85 3 36001
86 3 48001
87 3 48001
88 3 48001
89 3 48001
90 3 48001
91 3 48001
92 3 48001
93 3 48001
94 3 48001
95 3 48001
46 3 1
47 3 1
48 3 1
49 3 1
50 3 1
51 3 1
52 3 1
53 3 1
54 3 1
55 3 1
56 3 12001
57 3 12001
58 3 12001
59 3 12001
60 3 12001
61 3 12001
62 3 12001
63 3 12001
64 3 12001
65 3 12001
66 3 24001
67 3 24001
68 3 24001
69 3 24001
70 3 24001
71 3 24001
72 3 24001
73 3 24001
74 3 24001
75 3 24001
76 3 36001
77 3 36001
78 3 36001
79 3 36001
80 3 36001
81 3 36001
82 3 36001
83 3 36001
84 3 36001
85 3 36001
86 3 48001
87 3 48001
88 3 48001
89 3 48001
90 3 48001
91 3 48001
92 3 48001
93 3 48001
94 3 48001
95 3 48001
46 3 1
47 3 1
48 3 1
49 3 1
50 3 1
51 3 1
52 3 1
53 3 1
54 3 1
55 3 1
56 3 12001
57 3 12001
58 3 12001
59 3 12001
60 3 12001
61 3 12001
62 3 12001
63 3 12001
64 3 12001
65 3 12001
66 3 24001
67 3 24001
68 3 24001
69 3 24001
70 3 24001
71 3 24001
72 3 24001
73 3 24001
74 3 24001
75 3 24001
76 3 36001
77 3 36001
78 3 36001
79 3 36001
80 3 36001
81 3 36001
82 3 36001
83 3 36001
84 3 36001
85 3 36001
86 3 48001
87 3 48001
88 3 48001
89 3 48001
90 3 48001
91 3 48001
92 3 48001
93 3 48001
94 3 48001
95 3 48001
46 3 1
47 3 1
48 3 1
49 3 1
50 3 1
51 3 1
52 3 1
53 3 1
54 3 1
55 3 1
56 3 12001
57 3 12001
58 3 12001
59 3 12001
60 3 12001
61 3 12001
62 3 12001
63 3 12001
64 3 12001
65 3 12001
66 3 24001
67 3 24001
68 3 24001
69 3 24001
70 3 24001
71 3 24001
72 3 24001
73 3 24001
74 3 24001
75 3 24001
76 3 36001
77 3 36001
78 3 36001
79 3 36001
80 3 36001
81 3 36001
82 3 36001
83 3 36001
84 3 36001
85 3 36001
86 3 48001
87 3 48001
88 3 48001
89 3 48001
90 3 48001
91 3 48001
92 3 48001
93 3 48001
94 3 48001
95 3 48001
46 3 1
47 3 1
48 3 1
49 3 1
50 3 1
51 3 1
52 3 1
53 3 1
54 3 1
55 3 1
56 3 12001
57 3 12001
58 3 12001
59 3 12001
60 3 12001
61 3 12001
62 3 12001
63 3 12001
64 3 12001
65 3 12001
66 3 24001
67 3 24001
68 3 24001
69 3 24001
70 3 24001
71 3 24001
72 3 24001
73 3 24001
74 3 24001
75 3 24001
76 3 36001
77 3 36001
78 3 36001
79 3 36001
80 3 36001
81 3 36001
82 3 36001
83 3 36001
84 3 36001
85 3 36001
86 3 48001
87 3 48001
88 3 48001
89 3 48001
90 3 48001
91 3 48001
92 3 48001
93 3 48001
94 3 48001
95 3 48001
46 3 1
47 3 1
48 3 1
49 3 1
50 3 1
51 3 1
52 3 1
53 3 1
54 3 1
55 3 1
56 3 12001
57 3 12001
58 3 12001
59 3 12001
60 3 12001
61 3 12001
62 3 12001
63 3 12001
64 3 12001
65 3 12001
66 3 24001
67 3 24001
68 3 24001
69 3 24001
70 3 24001
71 3 24001
72 3 24001
73 3 24001
74 3 24001
75 3 24001
76 3 36001
77 3 36001
78 3 36001
79 3 36001
80 3 36001
81 3 36001
82 3 36001
83 3 36001
84 3 36001
85 3 36001
86 3 48001
87 3 48001
88 3 48001
89 3 48001
90 3 48001
91 3 48001
92 3 48001
93 3 48001
94 3 48001
95 3 48001
0 4
1 4
3 4
5 4
7 4
9 4
96 4
97 4
98 4
99 4
100 4
101 4
102 4
103 4
104 4
105 4
106 4
107 4
108 4
109 4
110 4
111 4
112 4
113 4
114 4
115 4
116 4
117 4
118 4
119 4
120 4
121 4
122 4
123 4
124 4
125 4
126 4
127 4
128 4
129 4
130 4
131 4
132 4
133 4
134 4
135 4
136 4
137 4
138 4
139 4
140 4
141 4
142 4
143 4
144 4
145 4
146 4
147 4
148 4
149 4
150 4
151 4
152 4
153 4
154 4
155 4
156 4
157 4
158 4
159 4
160 4
161 4
162 4
163 4
164 4
165 4
166 4
167 4
168 4
169 4
170 4
171 4
172 4
173 4
174 4
175 4
176 4
177 4
178 4
179 4
180 4
181 4
182 4
183 4
184 4
185 4
186 4
187 4
188 4
189 4
190 4
191 4
192 4
193 4
194 4
195 4
196 4
197 4
198 4
199 4
200 4
201 4
202 4
203 4
204 4
205 4
206 4
207 4
208 4
209 4
210 4
211 4
212 4
213 4
214 4
215 4
216 4
217 4
218 4
219 4
220 4
221 4
222 4
223 4
224 4
225 4
226 4
227 4
228 4
229 4
230 4
231 4
232 4
233 4
234 4
235 4
236 4
237 4
238 4
239 4
240 4
241 4
242 4
243 4
244 4
245 4
246 4
247 4
248 4
249 4
250 4
251 4
252 4
253 4
254 4
0 4
1 4
3 4
5 4
7 4
9 4
96 4
97 4
98 4
99 4
100 4
101 4
102 4
103 4
104 4
105 4
106 4
107 4
108 4
109 4
110 4
111 4
112 4
113 4
114 4
115 4
116 4
117 4
118 4
119 4
120 4
121 4
122 4
123 4
124 4
125 4
126 4
127 4
128 4
129 4
130 4
131 4
132 4
133 4
134 4
135 4
136 4
137 4
138 4
139 4
140 4
141 4
142 4
143 4
144 4
145 4
146 4
147 4
148 4
149 4
150 4
151 4
152 4
153 4
154 4
155 4
156 4
157 4
158 4
159 4
160 4
161 4
162 4
163 4
164 4
165 4
166 4
167 4
168 4
169 4
170 4
171 4
172 4
173 4
174 4
175 4
176 4
177 4
178 4
179 4
180 4
181 4
182 4
183 4
184 4
185 4
186 4
187 4
188 4
189 4
190 4
191 4
192 4
193 4
194 4
195 4
196 4
197 4
198 4
199 4
200 4
201 4
202 4
203 4
204 4
205 4
206 4
207 4
208 4
209 4
210 4
211 4
212 4
213 4
214 4
215 4
216 4
217 4
218 4
219 4
220 4
221 4
222 4
223 4
224 4
225 4
226 4
227 4
228 4
229 4
230 4
231 4
232 4
233 4
234 4
235 4
236 4
237 4
238 4
239 4
240 4
241 4
242 4
243 4
244 4
245 4
246 4
247 4
248 4
249 4
250 4
251 4
252 4
253 4
254 4
0 4
1 4
3 4
5 4
7 4
9 4
96 4
97 4
98 4
99 4
100 4
101 4
102 4
103 4
104 4
105 4
106 4
107 4
108 4
109 4
110 4
111 4
112 4
113 4
114 4
115 4
116 4
117 4
118 4
119 4
120 4
121 4
122 4
123 4
124 4
125 4
126 4
127 4
128 4
129 4
130 4
131 4
132 4
133 4
134 4
135 4
136 4
137 4
138 4
139 4
140 4
141 4
142 4
143 4
144 4
145 4
146 4
147 4
148 4
149 4
150 4
151 4
152 4
153 4
154 4
155 4
156 4
157 4
158 4
159 4
160 4
161 4
162 4
163 4
164 4
165 4
166 4
167 4
168 4
169 4
170 4
171 4
172 4
173 4
174 4
175 4
176 4
177 4
178 4
179 4
180 4
181 4
182 4
183 4
184 4
185 4
186 4
187 4
188 4
189 4
190 4
191 4
192 4
193 4
194 4
195 4
196 4
197 4
198 4
199 4
200 4
201 4
202 4
203 4
204 4
205 4
206 4
207 4
208 4
209 4
210 4
211 4
212 4
213 4
214 4
215 4
216 4
217 4
218 4
219 4
220 4
221 4
222 4
223 4
224 4
225 4
226 4
227 4
228 4
229 4
230 4
231 4
232 4
233 4
234 4
235 4
236 4
237 4
238 4
239 4
240 4
241 4
242 4
243 4
244 4
245 4
246 4
247 4
248 4
249 4
250 4
251 4
252 4
253 4
254 4
0 4
1 4
3 4
5 4
7 4
9 4
96 4
97 4
98 4
99 4
100 4
101 4
102 4
103 4
104 4
105 4
106 4
107 4
108 4
109 4
110 4
111 4
112 4
113 4
114 4
115 4
116 4
117 4
118 4
119 4
120 4
121 4
122 4
123 4
124 4
125 4
126 4
127 4
128 4
129 4
130 4
131 4
132 4
133 4
134 4
135 4
136 4
137 4
138 4
139 4
140 4
141 4
142 4
143 4
144 4
145 4
146 4
147 4
148 4
149 4
150 4
151 4
152 4
153 4
154 4
155 4
156 4
157 4
158 4
159 4
160 4
161 4
162 4
163 4
164 4
165 4
166 4
167 4
168 4
169 4
170 4
171 4
172 4
173 4
174 4
175 4
176 4
177 4
178 4
179 4
180 4
181 4
182 4
183 4
184 4
185 4
186 4
187 4
188 4
189 4
190 4
191 4
192 4
193 4
194 4
195 4
196 4
197 4
198 4
199 4
200 4
201 4
202 4
203 4
204 4
205 4
206 4
207 4
208 4
209 4
210 4
211 4
212 4
213 4
214 4
215 4
216 4
217 4
218 4
219 4
220 4
221 4
222 4
223 4
224 4
225 4
226 4
227 4
228 4
229 4
230 4
231 4
232 4
233 4
234 4
235 4
236 4
237 4
238 4
239 4
240 4
241 4
242 4
243 4
244 4
245 4
246 4
247 4
248 4
249 4
250 4
251 4
252 4
253 4
254 4
0 4
1 4
3 4
5 4
7 4
9 4
96 4
97 4
98 4
99 4
100 4
101 4
102 4
103 4
104 4
105 4
106 4
107 4
108 4
109 4
110 4
111 4
112 4
113 4
114 4
115 4
116 4
117 4
118 4
119 4
120 4
121 4
122 4
123 4
124 4
125 4
126 4
127 4
128 4
129 4
130 4
131 4
132 4
133 4
134 4
135 4
136 4
137 4
138 4
139 4
140 4
141 4
142 4
143 4
144 4
145 4
146 4
147 4
148 4
149 4
150 4
151 4
152 4
153 4
154 4
155 4
156 4
157 4
158 4
159 4
160 4
161 4
162 4
163 4
164 4
165 4
166 4
167 4
168 4
169 4
170 4
171 4
172 4
173 4
174 4
175 4
176 4
177 4
178 4
179 4
180 4
181 4
182 4
183 4
184 4
185 4
186 4
187 4
188 4
189 4
190 4
191 4
192 4
193 4
194 4
195 4
196 4
197 4
198 4
199 4
200 4
201 4
202 4
203 4
204 4
205 4
206 4
207 4
208 4
209 4
210 4
211 4
212 4
213 4
214 4
215 4
216 4
217 4
218 4
219 4
220 4
221 4
222 4
223 4
224 4
225 4
226 4
227 4
228 4
229 4
230 4
231 4
232 4
233 4
234 4
235 4
236 4
237 4
238 4
239 4
240 4
241 4
242 4
243 4
244 4
245 4
246 4
247 4
248 4
249 4
250 4
251 4
252 4
253 4
254 4
0 4
1 4
3 4
5 4
7 4
9 4
96 4
97 4
98 4
99 4
100 4
101 4
102 4
103 4
104 4
105 4
106 4
107 4
108 4
109 4
110 4
111 4
112 4
113 4
114 4
115 4
116 4
117 4
118 4
119 4
120 4
121 4
122 4
123 4
124 4
125 4
126 4
127 4
128 4
129 4
130 4
131 4
132 4
133 4
134 4
135 4
136 4
137 4
138 4
139 4
140 4
141 4
142 4
143 4
144 4
145 4
146 4
147 4
148 4
149 4
150 4
151 4
152 4
153 4
154 4
155 4
156 4
157 4
158 4
159 4
160 4
161 4
162 4
163 4
164 4
165 4
166 4
167 4
168 4
169 4
170 4
171 4
172 4
173 4
174 4
175 4
176 4
177 4
178 4
179 4
180 4
181 4
182 4
183 4
184 4
185 4
186 4
187 4
188 4
189 4
190 4
191 4
192 4
193 4
194 4
195 4
196 4
197 4
198 4
199 4
200 4
201 4
202 4
203 4
204 4
205 4
206 4
207 4
208 4
209 4
210 4
211 4
212 4
213 4
214 4
215 4
216 4
217 4
218 4
219 4
220 4
221 4
222 4
223 4
224 4
225 4
226 4
227 4
228 4
229 4
230 4
231 4
232 4
233 4
234 4
235 4
236 4
237 4
238 4
239 4
240 4
241 4
242 4
243 4
244 4
245 4
246 4
247 4
248 4
249 4
250 4
251 4
252 4
253 4
254 4
0 4
1 4
3 4
5 4
7 4
9 4
96 4
97 4
98 4
99 4
100 4
101 4
102 4
103 4
104 4
105 4
106 4
107 4
108 4
109 4
110 4
111 4
112 4
113 4
114 4
115 4
116 4
117 4
118 4
119 4
120 4
121 4
122 4
123 4
124 4
125 4
126 4
127 4
128 4
129 4
130 4
131 4
132 4
133 4
134 4
135 4
136 4
137 4
138 4
139 4
140 4
141 4
142 4
143 4
144 4
145 4
146 4
147 4
148 4
149 4
150 4
151 4
152 4
153 4
154 4
155 4
156 4
157 4
158 4
159 4
160 4
161 4
162 4
163 4
164 4
165 4
166 4
167 4
168 4
169 4
170 4
171 4
172 4
173 4
174 4
175 4
176 4
177 4
178 4
179 4
180 4
181 4
182 4
183 4
184 4
185 4
186 4
187 4
188 4
189 4
190 4
191 4
192 4
193 4
194 4
195 4
196 4
197 4
198 4
199 4
200 4
201 4
202 4
203 4
204 4
205 4
206 4
207 4
208 4
209 4
210 4
211 4
212 4
213 4
214 4
215 4
216 4
217 4
218 4
219 4
220 4
221 4
222 4
223 4
224 4
225 4
226 4
227 4
228 4
229 4
230 4
231 4
232 4
233 4
234 4
235 4
236 4
237 4
238 4
239 4
240 4
241 4
242 4
243 4
244 4
245 4
246 4
247 4
248 4
249 4
250 4
251 4
252 4
253 4
254 4
0 4
1 4
3 4
5 4
7 4
9 4
96 4
97 4
98 4
99 4
100 4
101 4
102 4
103 4
104 4
105 4
106 4
107 4
108 4
109 4
110 4
111 4
112 4
113 4
114 4
115 4
116 4
117 4
118 4
119 4
120 4
121 4
122 4
123 4
124 4
125 4
126 4
127 4
128 4
129 4
130 4
131 4
132 4
133 4
134 4
135 4
136 4
137 4
138 4
139 4
140 4
141 4
142 4
143 4
144 4
145 4
146 4
147 4
148 4
149 4
150 4
151 4
152 4
153 4
154 4
155 4
156 4
157 4
158 4
159 4
160 4
161 4
162 4
163 4
164 4
165 4
166 4
167 4
168 4
169 4
170 4
171 4
172 4
173 4
174 4
175 4
176 4
177 4
178 4
179 4
180 4
181 4
182 4
183 4
184 4
185 4
186 4
187 4
188 4
189 4
190 4
191 4
192 4
193 4
194 4
195 4
196 4
197 4
198 4
199 4
200 4
201 4
202 4
203 4
204 4
205 4
206 4
207 4
208 4
209 4
210 4
211 4
212 4
213 4
214 4
215 4
216 4
217 4
218 4
219 4
220 4
221 4
222 4
223 4
224 4
225 4
226 4
227 4
228 4
229 4
230 4
231 4
232 4
233 4
234 4
235 4
236 4
237 4
238 4
239 4
240 4
241 4
242 4
243 4
244 4
245 4
246 4
247 4
248 4
249 4
250 4
251 4
252 4
253 4
254 4
0 4
1 4
3 4
5 4
7 4
9 4
96 4
97 4
98 4
99 4
100 4
101 4
102 4
103 4
104 4
105 4
106 4
107 4
108 4
109 4
110 4
111 4
112 4
113 4
114 4
115 4
116 4
117 4
118 4
119 4
120 4
121 4
122 4
123 4
124 4
125 4
126 4
127 4
128 4
129 4
130 4
131 4
132 4
133 4
134 4
135 4
136 4
137 4
138 4
139 4
140 4
141 4
142 4
143 4
144 4
145 4
146 4
147 4
148 4
149 4
150 4
151 4
152 4
153 4
154 4
155 4
156 4
157 4
158 4
159 4
160 4
161 4
162 4
163 4
164 4
165 4
166 4
167 4
168 4
169 4
170 4
171 4
172 4
173 4
174 4
175 4
176 4
177 4
178 4
179 4
180 4
181 4
182 4
183 4
184 4
185 4
186 4
187 4
188 4
189 4
190 4
191 4
192 4
193 4
194 4
195 4
196 4
197 4
198 4
199 4
200 4
201 4
202 4
203 4
204 4
205 4
206 4
207 4
208 4
209 4
210 4
211 4
212 4
213 4
214 4
215 4
216 4
217 4
218 4
219 4
220 4
221 4
222 4
223 4
224 4
225 4
226 4
227 4
228 4
229 4
230 4
231 4
232 4
233 4
234 4
235 4
236 4
237 4
238 4
239 4
240 4
241 4
242 4
243 4
244 4
245 4
246 4
247 4
248 4
249 4
250 4
251 4
252 4
253 4
254 4
0 4
1 4
3 4
5 4
7 4
9 4
96 4
97 4
98 4
99 4
100 4
101 4
102 4
103 4
104 4
105 4
106 4
107 4
108 4
109 4
110 4
111 4
112 4
113 4
114 4
115 4
116 4
117 4
118 4
119 4
120 4
121 4
122 4
123 4
124 4
125 4
126 4
127 4
128 4
129 4
130 4
131 4
132 4
133 4
134 4
135 4
136 4
137 4
138 4
139 4
140 4
141 4
142 4
143 4
144 4
145 4
146 4
147 4
148 4
149 4
150 4
151 4
152 4
153 4
154 4
155 4
156 4
157 4
158 4
159 4
160 4
161 4
162 4
163 4
164 4
165 4
166 4
167 4
168 4
169 4
170 4
171 4
172 4
173 4
174 4
175 4
176 4
177 4
178 4
179 4
180 4
181 4
182 4
183 4
184 4
185 4
186 4
187 4
188 4
189 4
190 4
191 4
192 4
193 4
194 4
195 4
196 4
197 4
198 4
199 4
200 4
201 4
202 4
203 4
204 4
205 4
206 4
207 4
208 4
209 4
210 4
211 4
212 4
213 4
214 4
215 4
216 4
217 4
218 4
219 4
220 4
221 4
222 4
223 4
224 4
225 4
226 4
227 4
228 4
229 4
230 4
231 4
232 4
233 4
234 4
235 4
236 4
237 4
238 4
239 4
240 4
241 4
242 4
243 4
244 4
245 4
246 4
247 4
248 4
249 4
250 4
251 4
252 4
253 4
254 4