100
 
1100110001011100101011000110001010010100010000110111001010011010010100111111000001000011011100001010011011101010000010000001100010001101110111111011100000010101101000001001110110010011100101101010111001110111101001010000101111101100000110111110000001100100
1011101000111011001010101011000111000110100100010111110101010011000110001011010001011011000110000010001111010101111011000010001000100001101101101111101010100110010110000101101100101101010100000011011101010010111111000111001101001100011101100001001010011100
0001111011000011000000010001111010011011001100110111000111010111000000010010100110101111110010010000100100011000000111110001111011010111111110000101010110100001000001101100101100100000110101010111010011000010010010000011001100101001011010011110001110100111
1010000010000000111111100000100010100001111000110110111100010100110001001001100110110011111000011000110000110001111001100110010001000001000110110001011000011101000111010011100100101110000101100010110111011111000011101000101110101100000000000001010110011011
0110011011101010111111011001110101101111001111010110001011010001101011111000011001010011100010010010110000001110000001100101100111101110011000011011100111011010011101111011101100110110111110110110010101101011000101101100000000000110001011011111010011100001
0101001000000101000101101011001000110100101111110010100011000010101101110001001001001111010100011100100101100011111101010110001110011010100000100101101011101101101000010110101100111001111110111111010011110110111000101011000000100011100100100000011111011111
1111110001100111001100010010010101000010010011110001011100000110111101101001011110011010001100001101110001101110000001001001011100111100110011000100000101100010111110000011110100110101001111001011111110110100111111100111100010100011110111111101011111101110
0100111010111100111110101100001100011010010111010001101111001101001011111010111110101010111010000111011000000001110000101010110110001110101011011110111001010100100001101010111100101010111111011101011000100001000011100001000001000110111101100011010010010000
1011100110011000110110011101010010000001100110110001010101001000011001000011101001110110100000001101001100111000001100111001001000100010000001111000110011000011100111010100111100100110011110101100101110011101010100101100000111000011100110011100010110101000
1001110111110011000001110111101111111111010010110000100010001001011101010010011001010010100100000101001010010101110000011110101001010100011110000000011101100100010001111101110100101000101100100000100010001000110101111110100111101001101001000011011110010110
0010001100110001001001000110110010100100110110010000011001001111001111001001010110001010011110010011011011111010001000001101010011010010001110100110000000111011001100010000001100000111011101110101000100010000101011111011000101001100111010011101001001101101
1110010101011010110011111100101001110010001110110000111011001010010101110000000110011110001000111001001111100111110100111110110001101110110100011111101110011101011010001100001100011111111101000001100010010101001110110101000110001101110001100010001001011001
0101000100110100110000000101010100001010101010110000000100001001110001100100110001100010110000110001100110000110001000111001111110011001101100111001100000001010011101100111000100010001001100010000101110101011010010110000100000101001011101111101100101100011
1111111111000101001000110010001000010001011111010001110111000100100010101101100001110010100010110011110010101001110100001010001110111111111111100011011100100101100011000010001100011100111000111100001100111010110101111110000000011000000110100011100000011111
1100100110001111001110001010010101101111001011110001001111000100110100110110000110001111111100101101110110010100001101011001100100000001000101000111010010110010110101111010001100000010111001101010101000101110100100111011010010010110001101011100101000100100
0011110111101000100111110001101110110100100011110011111000000011100110000111011111001001001100100101100111011001100001110110011110100101011001111101111110110110101000010111010100001111001011011011101110110011001010111001110000110011011010000111101100001000
1001001100000010111101000001111011100000010111010010000011000010000010011110101001010001000010101111100001110110010101100100111001010011100011011001100101001001111110001010011100000001101010001111000000010111011111110111010111010010010000011011110001110010
0000000001100001011101101010100111011010110010110010111101000101010000000110101000100101010000101111011100001111101101100111000001010001110010100010001011011110011001100000011100011101011010000010100101001110110000100010011111010110011011100100110001000101
0110011010111011000110111010011010000001000000110010011110001101001110110101111110110001101100100101001100100010010001010000000011101101101000000100101111111001000111001101010100010110101011110110010011011000100100101100111101110111000100111011111101111101
1101001011010110100110000001000001001111101100010011100101001010001110101100001111001001111110111011001001101101101101000011111000011011000000011100110001100111010101110100001101011010001011100111011101100101000011101001011111011000000111100101111010000011
0111110011110100111000111101011100110101011000110011110011001011111100110101011001001101000100110011011001000000010100100000010110111100011111111010011101000000100000011001001101101100111010010011111001110101011010101111011001011100111100011010110010111011
1100101000111111010001001110100001100000001000110011001000001110101010010100110000010000010000110000011101111001101000110111100110000010001101000010010011010111111110011011000101100001001001010100011011100000101110100110111000111101110110000101110110000000
1010111001011101000011110111111101111010101101010010111011011100111010001110100110100000011010111010100000010110010110000100001100100110110101100001101100111000111001100110001101101111001001001100011101101100101001100000011010011001111001011010110111111110
0001000000100010101001000101100110000001011001110010000111011001111101011011010111111100101100000010110000111011101110000101011111010000101111011111100000101110101111001011001101110000111000111000110001011001010100100101111000011010101010100100101011101110
1000011011000000111000101100011011011111110001110010110100010010001111000010000001001100110100001100110111100110010010111010110001011110110110111111001010011001010001110011110101111000001000101101010111000011010010101011111100110111100001111011101111010000
0110000110001001010110010110000110000101000101010001011011010111010001111001000000010000000010001110100111001001101110111001000011101010000000100001010110010110000100011100111101110110101001001001010001010110101011111111011111110011111101100110100110101001
0101110111100111101111100011011011110000110000110001101001010111010001101000110100010100011000000110101011101000011110001010101011011100011000000001111000100001000010010101111101101011011001010000111101001010101100010000111101010010110110011000100010010111
1111101100000100101101011001100001101010010100110001010010010000000011110000101111100100001100011100011110010101100011011101010000111110100011111110000110100111011101101001110101100101101010100100011011101111011000010000111111110111011101000111101110101111
0100100101111110010101100000110100110000101100010000101101010001110101001001001011111000100110010010001110011010011111011110110110000011110001011100001010011010101011001100101101101001001010110011101111111111010111010111011011100101001010011000101101011001
1010110110111101010110010001101001001111101000110000011111010110100101011010011000001101111100010010001011110111100111101101111100100101101001100000100101011101110101110101101101010110111011110011101100100010100010011011110001001000000001100110100001100010
1001001111010011111110101011010110010101011100110000100100111010100011010011101101010101101000011000011111001110011011111010001101010011000111000010111011101010100000111011100101011010001111001111000010010100101100011100110010101100011011111001110001011110
0000010111110010100000011010001110100000101111010000000011111001110001001010111111010001010010000000010101100001100111011001100111011101011110011110010111100100100110010010101101010000001110011010100110001101011101010000010000101101010100100110111100100100
1110000100011000000011110100010011111010000011110001111011111100101101111011111010101101000100001010100000101100011111001010011001101001001100111100011101010011011001101111101101011101111100101110100000001001011000000111110100001000000111011000011000001000
0101111001000111011011001101101110100000110111110101001100111100001111100001000000111101111101001100110000010001100010100100111011011111110100000011100001000100001111000010110101000011001101101111001110010100100110000011110110101010001100000111011000110011
1111100000100101111001111111110001001111010111010111110111111011011100110000010101000001111011000100110101111110011110110111000010110001101110100011101111101011011101101000111101001100101101010011101010100000100011001001010100100111100110011000010101000101
1100111011001110100000000110101100010101100010110110000101111010001010001101110111010101100001111110100001010111101010000100000000000101110101011101000000111101000000111101111101000000011100000100101100110001011101001100110111000011111001100100010001111101
0010001010001100001110110100010100000001110110110110111010110101011010010110100010000101010101111101101001111010010010000011111110100011000001111101111100011010100110010100110101011110101100010100000010101111001100001010110011100010111010111011001010000011
1001010011100001011110001101001001111010011110010110001001110101111100000111010000101000001111110101011100100101101110110000011101010000011011100111110010000001110001101000001101010111001101110000100010101010101011000111010001100111100001100100001110111010
0000011000001011110101110010000110100000101010110111100011110000101110001111000101111100111101111011001010001000010010100111100101011110100010000000011110100110101111000011001101011001111110101101010100010110110111000001110011000101101110011010000110000000
0110001001111000100101000010111011111111001110110111011100100011110010110110001111100110100001100001001011101001101010100100001111101010110000111000000100110000011001101110000101101101001110011001010000000111010000001100110000001000100110000101000011111100
1101110010110010001111101001101010000101111011010111001111100110110000100101111010010010100011100001011111010110010111010111011001001100101000011110101010011101011100110010001101100010001111001000111111011011001101011110010100101101111101011010001111001110
0111101111010101010110010001110110010001010011110110110011101100000010111100101000001110011101101011010110011011101011001000110010110010000110100100101111001010000010011011001101101110111111001100011001001110101101011000111110001101111010100100001111110001
1100110111111111110000000010001001001010100111110110000000101001010110000101011101101110001111100101100010110110010001101011000010000110011101000000010001011101010101110110010101110001001110111011011101101100111010010101111100001000000001111011000010001001
1010000100011110111010111010010100110000110011010110111010101010000100010101011110110010010011111101110110001101101101111000101000100000001101011010011111110011100011000100011101111101101110100011110011110001010111010011011110111010001011100000010110110111
0001011101000000000011001001001101101111010010111101011101101111000011001110101010100110100001111111110111100000000001011111010111011110110111111111110011100100111101101001011101110111011101010110010101100101000001011110111011010111000100011101011110001111
1000000100101011000001110101010001010111101100111101100110101111110001111111110001011111111111110101100011001101110001001100110101011001101111000101101101000011111000110100010101101000101101010010010001011000101100011000111001010010010111000011011001111000
0110110111001001111001001110101110000001001000011101010100101000101101110010110101001011001111111101101100010010001100111111101111101101110000100011000001010100100110011101001101100100001100100110110011001000111011011001011011110010011100011100011001000000
0101101110000010111110111111110011011010111000111100101011100001101111101011000110101011000101100011011100111111110000111000001111001111000000011011101010111010010001110011001100101010111000111111011101010101111011010111111011010111000110100011010101111110
1111100111100100000110010101101010100000001100111100011000100110111001111001010010110111010011000011001000010110001000001011100000110001011010110101110100101101000111001010000100010111001001101011111001010011000100000010111001010100001001111101010000000100
0100110100011101001101100100010111101110101001011100100000100010001001000000100001100011101011001001001001111001110100011000010010000101000001100100011000001010001100100111001100011001001011001100101111100010000001001100011110111000111010100010001000101001
1010001001111111111101011110001001110111010001111100010111100011011011011001100101011011111101000011011101100100001000110110111000100011111001001110000110010101011000100011001100010000111010011100000011111111111111101000111100011101110001011101001100010011
1001010010110000110111100011010100000001010101111101111100100100011101001010011110001111000111011110010000001001110000100101000101011101101111101000101010100011101110011000110100011110001010100001100100101011101010101111101100011101111110000011100001100111
0001001011011010000000010001100101011010100001011101000010100101001101110011001010110010010011011100100000100010001100100110000111011001000111010000100100100110110001110101111100000010101011110101100010110110001011100111001110111010100110011100100001011101
1110111011111001001000101000111010000000010100111111110001101011010011101011001001110010011001010110110110010111110001010001111101101110011100110110011010011001100111001101111100001101011011110001001110010110010101100000100001111011101101100011101101100010
0101100000000011110010011000100111111110111100111110001010101010110000101010111101101110100111011110110111011010000101000010011111000000001100001110010111011110100000100000110100000001101010000000101100001001110000100100100011010111111010110111101010011010
0111111001000110110011100011011011100111001000011110111100101101100110110001101110011010110111001100101011110101011101100001100010110110110110001001111101101000011100101101101100011111000000011100101010011101100111101011000011110010110001101000100010100100
1100001000101100001001001010000010110001101100111110000111111100110110000000011010001010001101000010101110001000100001110110001000000010101001110011000011100111001010010111101100010000110001101011001110101000001011111111100001110011011011010111110110011100
0010010011001111001001111100011101001011011100111111100100111000100100011101010001110110011011001010011110100001011101000101011010100100110001010111001111010000011101110010100100011000000000101011100000110000011100110000000111010101000100011001110111101111
1001011110100101100110000101100000010000010011011111011000110011000010000100000100110010000011000000001010001111100101000110110001111110000011101101100001010111000011011011101100100111000000011110000110110101110100110100000100100100000111000110111011010011
0001000111101010111110111111111100101110100111111111001011110110010010110110110110101010100101010010001111010010011001111001000101011010011011001001111101101001100100000110101100100011110001000010010010101001100011110110100100101000011100111001111111101001
0110110100011000011100001110100101110111010111111110110100110101001100101111100011011111111111111010010101111111100100111010101111101100000000110010010010111110111000101100110100101101000001010110111100011010000110111011000110001101010111100111110110010111
1101101101110001000111110100011010100001110011011110000110110001001110110110000001000011101011110100010000010100011100001001011101000011111000110100011100011001101110010001111100110000100010110111011000001110011010111101000000101100011001111000110010101110
0111110110110111100111000101000111011011000110111010111101110010111010000101010100110001010001111100100000111001100010011110110110110101101110001100100000000110011001111100111100111110010010100011011011010011111101110000100010101010001010000111101110010000
1100000111011100111001101010011010000000101110111001000010110111101000001100101110101101000011101110110101100100011110011101101010010001010100101010101010100000010111010100110100110110100011010100111101010111100100100110000011001011000001011010101101100000
1010011111111110010000010010100010001110011010011001100000111110111011010100101011101001111111100100110001001011101110101110001000101111011101010010000110110101000100001011001100101001000111011100010001101110010010100011000001100110111110000100100001011110
0001000100000101000010000001110101110110001110111001011011111000111101000101111001010001111101101000101001100110010010111001110011111001001111110000010000011010010000101010001100100101110110001001010111111010010111101001101111100010110100111011100001100101
1001111001001011101010111001101000100001101010111000101100111101001101111110001100000101100011100011101100010111101111011010010001011101110111001111111111001101101110010110000100101011100100111101110001100101101000101110001111000011111101100100101100001001
0110101000101010111001001010010101111011010011011000010100111110010011101111011110110001010011110001011000011000010111001000111111101011101000001111010011011010111001111011001100010110000101101001011101010101101100101010001100100101101010111010101000110011
0101100011000000010001110010001100000000110111111000100011111011010001110010111011101000001101111001001011110101101011110111000111000001110010110001001101110100111111010010001100011000110101000000111011000000010011100100101110100100100001000101101000000111
1111111010100111101111001001010010011100000011111001011000111011000101001010100011101100111111110011001111001000010111110100000100110101000010010001100001100011100000001100010100010111010100010110101101001100010010100001001000001001111010011010110101111100
0100001011111101101110111101101111000110110011011001101010110100110111011001010100010100100010111101010111100011101111000111111110010010011000101111101111000100010100100101011100011111100100100011000101011001100110101111001000001101110100000100110001000000
1010010000011110010100010110110010110001011110111001000101110101100101010000010101000000110000101101010010001110010011000000011000101100000001001100010101011011000010001000011100000001010101110011100011100001101001111110101010101100000111111011011001111010
1001001001110100010111101111101001101011001000111011110110110010100001001001000011111100011010000111100110010011111111110011100001111010111111110000011000111101011101111101010100001100110111111110100111110110011100111000001001001010001100100000011110000100
0001111010111001111111011101010101110001101000011010001100100010111011111000110010101100001110001101110111111100001010100000000011011110101111110010100110101010011011010111001100000010000110001010000000101010010010010101001111011011000011111100010110111101
1110100111011011100001100100011000001100011100111010110011100101101101100010100100110000010100000101110011010001110010100111011001100000010100001110101000000001100100001010001100011110110110011111101110101111100011010011101111110110011001000011010010101011
0101111111100000000000010110000101010110101000111010000000101100001110111011001101010100100010010011101101111000001110010110110111000110011110101100000100010110110000100011000101010001110111101111101010011111100100011111001101010010011010011100011111010011
0111000100000010011010101011111110100001000001011011111000101001011010001010011011000101111000011011101100100111110010000101000110110010000110010011111010100010100110001111001101011101000110100001001100000010011000011000001111010011000001000010001111101001
1100010101001101111010010001101011111011110101111011011111101011001000010001101010011001001100010001011000001010001010101010101100011100110000110011110110101101101001110100011101100110110110110100100010010100011111011000101000110100001110111101000011010110
0010001100101111100001100000110111100001010001111011100100101110011110000000111100101101000110010011001001100111110110111001011110101111101001101001011101011010011111011001110101101010010101000100100110001101100010010111000000010100100101100010000110101110
1001000111000110001001001010001010001100100001011010110010101101111110001101111101110101011000001111001101011100001011011010110001111001110011001111000011011101001100011101111101101100100101010001010100101001110100000011000010010001111101111100000110010000
0001110110111000011111111011010001010110101100111010001001101000100100110101001011010001101000000101010000011001110011001101100001011101000011110111101111101011010000100100111101110011010100111101110010110100010101000100100000111101111010000011001010100001
0110101111111011110100000010001100000001011000111010111010000000110010100110010010001101110010001110010000110100001101111110001011100011011001010001100001100100000110001001110101111111110000101000011110100000001001001000000111011110100001011100001001011111
1100110100010001101100111100010001111011101100011001000100000111110010111111110100011101000100001110000110001011110001111101110001000101000010101000011101010011100001110011101101110001000001011000011000010001101110001111000111011011101010000001010101100111
0111001001110010001110001101101101100001001100111001110111000110000100000110100101100000011100000100110111100110000001001010010110110001111110001110010011010100111111111110101101101000110011001110111100001111110011000011100101111011100100111111010001001001
1100011010111100010111110111110110111100110000111001011100000001010110010111010011110100011010111010111011001111111101011000111110011111101100010100111101101010101000010011100101100110110010001011010011001010010101000001000111111110110111100000011000110010
1010000011011101110001000110101011000110010111011000101000000101000001001101000010001110100000110010101110010010000001110011001100101001010101110000000000111101011100101011101101101011000010110011010101010010000100000100000001010011011100111111011100000110
0001111011100111111001111100010110010000100111111000010011000110000001110100000101001010110100110000101110111101111000100100000111111110011111001010001010011010000010000100111111010101110011100110110001100111101011001010100000110001000011100001010000111100
1001101000001000000010010101001010001011110011111000101100001011111011100101111101011110001110111010111010010000000100100111111001010010000111101111100100000101000101100101110111011001010011010010010011111011111111011111010010110100001000011110010001000000
0110110001001010000010000011010001110101010111011001011110001010101101101110101010100110011000100010001111111001111000010000011011100000110001010101110000100001010011111000111111010110100010010111011101101110010000010001010000000100011010000001011101111011
0100111000100001111000111010100100101100101110111001100101001100101101111111001010110010000000101100000111100110000000000011100011000110101010111011011110110110101100010100111111011010010000001111101001111100000101010100110100100001010001011111001010000101
1111001011000011111001000001111001010110001010111101000010011101111011000011011101001110100010101110010000001011111100100000000000110010110010101011010010011001111000101111110011000000110001111001001111010001000001010110011110101100011110100000000010111101
0100010110111110000111110001100100000000111110011111111000011010001001011010101101001111111100100110010000100110000000110111011110011100000000000101101101001110110110000010001011001111000001101100100001000101111010011011011101001110000101111111100110001011
1010001111110100001101001010011110011011001110111110001011010011011101001001111010010011101100111100000100011001110101000100111100101010011001110101100011001000100001101010001011000011110000001100100101011000101111011101111111101011001111100011100111110010
1001110100010111111100111010000011100101100010111110110110010111011111110000110010100011010010110000110001011000001101000111000101101110000111011110001111110111010111110111000011011101110001010001000011101000001001010011011011101010111010011100101011001000
0001100101111101110110010001011110111101110111011110000100010100000101101001000101111111000000110010111001110101110001111000101111010001111111101000010101100000001100010010001011010000000001100101101111110101010100010110111001001110110001000011101111110100
1110111110011010000110101101100001110110010011111111111011010001010010111001010101001011111100111000101100001010001101111011011001100111101101000000111001000111011000101000011011011110110010110000101100110011110011000000111010100011111010011101110110001110
0100000111000000001001011110111100000000100011111111001001010011110010110010100010001011101110000001101000100111110101001000110011000001010110010110000111011001011110000101010011100111010010110000001010100010101011101001011000100001100101100010110010110001
0111010111100001110001100110100100011011001111011111100010010110100100001011100010010111100100001011111010001110001001011111100010111101011110111110001000111110100001101100011011101001100011001110101110011110001100101111111100000100100111111101111110000001
1100001100001111110010010101011001000111111010111110011101011101110110011010010101100011010000001101001111010001110101011100001000011011000000001001100100101001110111110000011011101101010111011011100000001011011001101010111110000101111100100011111101111111
0010000001000100001010101100000110111101001000111110001111011000100010000011001101111010001010000101000111111100001100101111110110101001110000100011111010000110100000011011010011110010110110101011000110010111110111100100011100100001110011011100110001000111
