100
 
0101100000101000101010101010110001110011000011001111011010110110100111010001110110011011011011010010001001010001111101100010100011010000111011110100001101011000100011001011111000011000001101111000010100011110111001001011100111100000001111001011010001100100
1100100110011111011011100101111010111110100110100101110101101001111101100111010110101001010100010010011000110110001001011100000001010010010110001000011010111010010001110001100010010010100010100011001000010110101100101011011111100011011111011101010110000011
1100110101110000101101101011000111100111001100111100001101110100110001110111110110110010010101000101010010100111010000001100001001000111110111110000011001000000011101101110000111111110110100010101101011001110100010011010001001001101010010110100011010000001
0101000001100111001100110110000101110100001111011110111110101101000010010011110111001101010011110111001011010001010100010010000011110111101000001100101010000101101011111110111101000000100011000000010110001110101110100000001100101001100100100011011100100011
1001000011010000110111111000101110001101100101000110000110010000011000100111010111111111000010100001111010000000100100100000011101111010000101110000100101111111001101000100011011001111000100011110111011000110010001000001111100101111111101000111010001000011
1000011000101111000111110111000100010100001010100001110101001110000111001110110111000100000101100001100001000110111000111100011101101110101000000101010110011101110010011100100011100011011011011000010011001110011101110001100001000001101001011000000111000001
0011011110011000000100101001011011000111111000111001001101010011111111111010110110100011001100111011110000111111001100001110010111101110010011111101000100100111000110101111000101111101111101101111001100001110010111000000010101100101110100111101000110101110
1011101100111111110101100011111001111110110001010011110110101010100001001110010110011011001000101101001100101001010100000100011111111011011110000001100011001010100000110111011100010001101010110001100101110110001010000001010000010011010000100011101000001100
1010111001001000000111001100110010100101010111000000000011110101110010101110110110101100001011001101010101001000010000010000000101001101110011111101110000011000011110111001111110011111000101100100001001111110000100110001100000011101000001010010101101001100
0010111011110111100010010000011111111001111100101000101001101000001000010011111101010111001110011011000110011110101100101010000011000100001110000101000011110010011010000010000000100101010010100010111100111110001011000010111110111001011111010111100011101110
1011101001000000010010011111100101001000011110111110010000010100010110010111011101100101001101001001001111101111111101111101001011010000100001111001000100000001101100010010100000100000110100011101010101110110010111100010101011011011101010101001100110001000
1000111111100111100001000001101110000011000101010111000010000101001111100011111101011010001001011101110110111001000001000101000000010001101000000101110111101101001110001000011110001110101001001011001011101110011001010011001011011111110010101100100000001011
0000011110011000000000001110001100011010101011101101111011011010110001010011111101101001000000111110100111110000010101010011010010000101000101111100101000010111110010110000111110010000011110010101100010101111010000100111011110110000110111010011101000101011
1001000000101111110010000000000011001011001010101101001001100111100010111111001100000011000111100100111101000100000101011001111010110001111010000000001011110101000101101111100001111100011001000000001111100111111110000110100010010110101011010011111111001001
1001000010011000000011011101111001110000000000010110110100111011011000001000101100111100000110110010000100010111101001101101110100111000010111111110011000101110100011111101000011010010100111100110110011101111100010110100110111010010011110100100111011001111
0000010001100111010100010011110010101001100111010110001100100010000110101000101100001111000000110010010101100010111101110111111110101100111110001110011111001010011101000101111111001110100000111001011000101111101101100101110111111100001100101000110100101100
0011000101100000110100011100010110111000011101111000111111011101011111011100001101110111000101000100001110100000100101001101101110101011101001110010101100100000011001011111011101100100010111101111011101110111100001000101000001011010010001011111110000001100
1011100111010111000111100010111101000111111110100001010110000000110001001000101101000000000110010110111111010101010001011011100100111011000100001110111111010011101111100110100001101011011000011101100100111111111110110100010100101110010101010010111111001110
0010110000101000110111101101100110011110110100000011100100011101100010100001101101111011001011000010110011001111001100000011101010001111101001110111011000111001000001110000000010010111101111000000001000111111110010010100111100101100101000100010111011100000
0110100010011111010100100011001100000101011001011000011101100101111000010101001110011101001011000000101010001010101110100101100010000110010110001011001011000101110101111000011100011001101001000110110011110111111000100101101001000010111000100101111001000010
1111101000111000100101111110001011110101111011111000100011111010000110110001101110100110001100111010111001111000110010111111110000010010011111110111111000000111000011000011111100100101010110010001111110101111100111010111011101100110100101011000110100000011
0100111101000111010101110000100001101100000000100110010010100111011111000001101110110101011101101110000000101101100110101011111000010111110010001111110111111100100000010001000010101011000001101111010010001111100011110110001000100000110011011110100010100001
0100011111110000110010111111011010100111000010001111101000011010000001101101001111001011011010101100011001011111011110010001110010000111001101110011000100011110011110001001100010000101100110111001101011000111101101000110000000001100010010100011101111000111
1101001001000111000011100001010110110110101101011101011001000011110011011000101111111000010010111011001001011010001010000111111100100001100000011111000110100000011010110111011001111000111010111100000110001111010000110111110110101011001110110100101001000111
0101011011111001111001101010110101001111001111110101100010010101101000001100101111000011010101001001110010100000101110111111101100111000101001101011110001001001101100101110111111110010011101100010100100001111011110110111100011101101011011010100101100100101
0100011110011110111000100100111110010100100110100110001010101000110110101100001110110111010100011101101011110101110111111101000110101100000110010010100010011011000010111100100111011100001010010101111001010111010111000110010011000001100111001011100110000110
1110001100101001001011011000000100001001111000001110111101110101001111010000101110011100010001011111111010110111100011100011001101101001111011101110100001110001110110000100000001000000100101000011010100011111001001110101011110100011110110101110100011000000
0111110110010110111011010111001011111000011011010000000101101110010001110101101010100011010011000001110011000010011011010011000101111001010110010010010110000111010000011110111001101110110011011101101100011111000101010101001010010101101000110010100101100000
0110110001100001011000011001101001100011110001110011111110010010100011000111001001010001010110010001000001010000001111001101010011011101111001101010000101101110101110100101011111100010100100011000000011010111001010100100111111010001101101010101101011010010
1110100001000110101100000110000010111010110010101011001110001111111000110011101001101010111101110011011100100101110011111111011001000000101000010110100110011100111011110001100100011101001011100110101010001111010110010100101111111111011001000100111110010001
1111100111011001011111001000011110001001011100001001110101010010100110010111101001011101111000100101000101101110110011100011010001010010000101101010111001110110011101101011000000010011011100110001110111001111011000110001000000011001000000101010010000110111
0101010100101110111110000111110101010001111101000000000101101001011110101111001000100111111000110101110110111010101111110001010011010111101010010011011010101001101111000010011010111111111010100111010011000111010111000011010100011101010100111111010001011111
1100000110011001001110011011111110011000000111111110101110110100010001101010101000000100111111100011101111001001011011011111001101000111010111101111001001001001000001010000111110100101100101111101101000001111111111110010100100110011001001011000010111011101
1101000000100110111101010100011100001011001000111110010011101000001011011110101000111011111110000000110111011101001010001111000101101010011110010001111110110011110101001000000100001001000110011000000101001111100001110010110001010111101011000100011010111111
0001010001000001101100011010100011110110101010000101000001000101111000101110001000001011111001011110000110111110110110010101001111111110110001100001111101010001010011110110101011101111010001001110101101110111101100000011111101010100111110000011011100011000
1000001111110110001010100101101001101111000001000101111000011110100100000010101001110100110101001110001101101010110010100011001101101110001100011101001110111110101101101101011011110000111101010001110000111111100010110011001000110010100010111010010001111000
1010101101001001111011101011000010110100100011111111001010001011111110110111101001000111110110001100010100010001101010111011000101101011100001100001011001001110111001111101110001011100101010100111011101111111111111010010011000011110010111101100000111111010
0011111110111110001001100110010110000101111110110110110011110110000001010011001001111101110011111010000101010101011110001101111011111111101110011001011010000100011111000111110111010010011101100001110111110111110001100000101111111000001110001001000111011000
1010111010011001101000111000111101011100010100000000001001101010011011100011101010000010110010101010111100000110000010000111110011010100000111100100101001111111100000011110001111101100010010111100000010101111111001010001101011101110001010010101001000111110
1010101000100110011011110111110110000111110111001010111100110001001001101111001010100001100100111100101110110010110010010011110001000000111010011000110110011001000110100000101001100000100100101010101011101111100110110001110011000010010101110010001100111111
0011111110010001101011111001011100110110111101110011010110101100110100011011001010011011100101111110110111100001101110101001111011010000010101100000010100100001110010110000010000001010100011011101110111100111100010000000000110100100100101101011001011011101
1001011101100110001000100010101011101101011010110001101111010001101110101000101011001100101010000010001010000101101011110011100110010101111000011100000111000011010100101010110110010110010100000011011100101110101100110000010010100010110000001101000111111111
1000000001011001111101101100100001100001100000001000011110001101010001001100001011110100101011010000011001011110010011000111101100000001100001100000100000011000101110000001001100111001011011000101110001101110010001110001110111001110101100011000000000111011
0001000011011110001111100001001010111000000001001110100100010110001011111000001011000011101111000011010000101010000101011101101110101000000110010000110011110110111010011001001000000111101101011000001100110110011111000010101111101100101001110111001100010000
0001010000101001000110011111000110001011001111100110010101101011011001010000101010111000101100000101001000101001110001011011100110111100101011101101000000000100011100001111110010001011101010101110100100111110010000110010011000101000010001100011011111110010
1000000110010110110110010001110101010010100100111101101011110110100100100101001010001010101001110101111001111100101001100011111100101010010110010001000111101101100010110111010111100101010101111001101011111110001000010011001100001110000110001100011011110000
0010100100100001000101011110011111001011000110011101010010101011111110110001001010100101100010100011100010001110101101110101110010101011011001101101110100011111000101101100101101111001000010110111011010110110000110100011001000100001011010011101010101010100
0011110001000110100100000000010100111000111101000111100000010001110001010001101001010110100110100001111011011011010001001110110010111111110000010101100111110001110001111100001011010011100100100101110110001110001011010110110001000101001111111001010000110110
1010100011111001010010001111111011100001111011100000001001000100001011101101001001101100100101111101001010110001000001011010111000010110001101101001001010100011011111000110110011011100111001010000001011001110010101110110100101010011111111100110011110110101
0110101001001110100011001011101001111000010010111000111011011001011001001001001001010011100000101111010010100100111100000000000010000010100010010101011001001010101001011001110101100000011110001110000010000110011001000101010000111101110010000011011011010111
0111111110111001000000010100000010001011110000010010000010100110000100111100101000100000100000011101000001010110101100100010001010010111101111101101011010110000111101100001001101101110001001011001101100001110010110110101010000011001100110011101011001110011
1101011110000110110000011010001110010110111111000011111101111011111110001100001000011000100111011001001000000011110000111110001100010111000110010000101101010110011011110011101110000010100111011111010101001110111010110100101111011011011101101100010100110001
0100001000100000000011010101100101011101010101101001001101100011100000100000001000111111101110001011110101000001010100101100000100000001111001111100111110101101100001101011010000111100110000100001111000010100100001000100111011111101001001101011000010010011
0101011010010111000011101011011111000101100110111001110110011110111011010100101000000100101001011100100100110100000100010010011110101100010100001110011101001101000101000000110000110010110111110100011100011100101101110101101110010001010100010111001100110000
1101011001101000110000100110011100110100001100010110001110000001001101010101001001110010101101111110111110101110011000000000011100111100111001110010001010000111110010011000001110011111001000100010000111011100100011011111001110010111010000010000101001110100
0100001101011111000101101000110011101111001001101110111101011100010100100011001101001001101100100010000111001011101100111100010000101001100110001110111001111001011100001110001110000101011110111101101010010100111100101110010010110011100001101101101111011110
0110111111111000110101110111111001110110100011101100010101100100001110010111101101111010111011110000010110011011110101101110011011101001000111110110111010011010101010110101110001101011111001011011010011001100110000011110100111011101111101101011100110111100
1111110000100111010110111001000010000111000000010101000110111001110000111111001110000100111010100110001101101100010001100000000001111101101010001010000100100010101110101101010011101111100110000101111111001100111110111111110111011010101010011010100000111111
0110100010010000100111110010100110011100111010010111111011100110101011001011001110110111110100000110110100111101001101010000000001010000010101110111000111000000010000111111101111010001000001010000010100000100100111001111110000101110110010010111100101011011
0110100000100111010101101100101101000001110101111001000001011011011101101110101110011100110101010100100101111011011101001010001011000000011000001111110100011111100110000111001101011101010111100110001001001100101001111110000100001100010111100001101011111001
1111010101011000110100100001000111111000010111100000110000001010000101011110001111101000110010000010101101000010100001111100000101010111110001110011100011111101000010011000110001110010111010101001101101001100101100111100011001100010001011101100111110111011
1101000111111111000011011111011100101011111110000010001010010110011110010010001111110011110011000010111110010100110101100100011101010111001110001111100000000101111100100010110011101100101101111111000100110100010010001101101001100110011110011010110000011001
0100000001001000110011010001111011110010011000011010111011101001110000100110101111001100110111111100000111110101000101110010111111001011100011111111010111101111011111110010001100000000011010101101111001111100011110111100101101000000101110011011110000111100
1101010010110101111000011110110001111001000011111001010001110100101011010011001110111110111100101110011010100011001001011000110101101110101110100011000100011000101001101000101100101010010100010000010011111100010001011100011000101110110001100100110111111110
1001001110000010001000000000011010001001100001100001101100101101111111110011001110000101111001111001001011010010011100001100111101111110000001011110100111110010101101000001010010110110100011000110001110110100001101101001000000101010110101100000111011011100
0000101100100101111011001111100110010000001010001110011110010000000101001111101110100010111010111001110001000100100100010110100011101011111000100010111000100000010011011111110010011000100100000001100011101100000111011001010111001100101000011111111100101100
1010111110011010011010000011100101001011000100011110100111001110011110101011001101011000111110001011101000001101110010101000100011101111010101011010011011001101100101001111101000000110011011011111001011101100001000111010110011100000011000001010110000101110
1011111001101101101010011100001111110110100101110100010110010011000000011011001101101011111111011101111001111011001110111000101001110101111010100110001000110111000001110100001111101011011101101001110100100100010100001010100110100010000101101010100111000001
0010101001011010011101010010000100100111011111100111101100101010111010001100101101010100111000011101110010101010001110000010100011010000100111011010111111010101111111101110110111100101101010111100010101101100011010001011011110010101010011110101100011100011
1010111111100101111100011101111011111100111000001111010101110101101111101000001100100100110001000011001011011100010010000100111111000000001110100010111100101111011001110110010001011011100101100010001000101101010111111011001010110001010010010000101000100011
1011011100100010001110100011111001000101110010010001100011111001110101010000001100011011110111010001011011011101100110011100111101010101101001011110001111001010101101000000101001010111010110100101100100110101101001001010001111011111101110000110101100000001
0001000110010101111111101110010000010100010001110000001010000100001110110100101100101000110010100101000010101011111110101010110110010001010100100011011000000000100010011001001111111101000000010011001111111101100000101000111111011001111011101011101010100110
1000000000101010111101100000111110001111111011111010110000010101010000000001001100000010110001100111110001110010001011110000111110001000011001010011011011110010010000100011010100000001101101001101110010111101101110011001100000111101100111111100100111000100
1001010001011101001100111111100101000110000110001010000001001010101010110001001101111101100100110101101000110101001011000100100100101100110110101101101000011000100110110011110000001110111010011000011010110101100010101001010100010011010110010100100001000100
0001000111111010111111110001001111110101000100000001111011110111111111011101101101001110100100100010110101000101010111011110000010111010001111010001110111100101000010101000001010100000011101010110010111001101111101001000010001010101001000000011101100100110
0000100101000101001011111010001100101000101111111001001010101011100101001001001111110100101011000010000101010010100011011100001010101011100010101001010101000111111100000010101100111100000011100001100010001101110001111000100001110001001101100110111110000000
1010110110110010101000100100100010110000001101111111110101110010011111101101001110000011101010011100001110100010111011100000000000101111101101010101000110111101011010011110010100010010100100110111001000000101111111001001111101010011011101111000111011000011
0011100010000101011001101001011001001011000010000100001101101101010000011100101110111000101101001110010111100101001111110010010010110110010000101000100001111110101110001100111010011110110011101101110101001101100010001011101000011111100000111101010101100011
0010101000111010101011100111010000011010100000001100111110010000001010110000001110011000101101011010000110011101010011101100011010010010111001010000110010000010100000110101101011100100010100111000111100001101101000111010001010111001110100000100010010000001
1110111110011101001010011000110110000011011001111110010110001101111111000100001111100111101010111000111111001010010011011100010100000110010110101100000001101000010111101111000001101011001010011110010000010101100111001010011111001110101001010010011110001111
0111011101101010111010010110111101111000110111110111100101010101100101110100101111110100000011101010100101001010101110000010011110010111111011000000000110011010100001110111110111001111011101000001101011011101010011101011101011100010101011110111011000101101
0101001001010100001101011000000111101001110100000001111101101010111111010001001111001010000110111110110100111101111010110000001110010011100110110000110101110001001101000001011111010001111010010111000110011101011101011110110110100100011110101000011001001100
1100011011100011001100000111001100110000011110001001000110110111000000100111001110111001000100110100001101101101001010111100000100001100001001001100100110100101111011011010101001111101100101100001100011010101010000101110110110000010000010001100010111001110
0101011000000100110110001011101010111011111101110010110010101010011010101111101110000010000001000010011110011010010110101110001000101100101000110000001001001111011001100010000000010011000010111100111011001101001110001101000011101110010111010011000010101000
0101001110011011000111000100000001000110000011110010001001010010001111011011001010111100000010010001010111010010010010010101000010111000010101001101011010111100101101110000010110001101010110111010010100001101000110111101010111101100001111110011001100001000
1100111100101100100100011010011000010101000010001000110000000101110101101111001001011111000111000101001010000101101010000001010000101001011010110101011001010110100011101001111100100000111001101101101101000101001001001100111101001010101010100100001001001011
0110110001011011010100010101110110001100101000001001000010011000101111001110101001100100001111000111111010110100111110111011111001101101110111001001101110101000010101000111001000101010101110010011000001001101010101001100101000101110110100001001001111101001
0111100011100100100111011011110101110100000011100111101011100101010000110010001001010000001000110001100001100010000011101101110011110000001110110101111101001000110010011111100010010100001001000101101100001101011010111101011100100000100101011101000110001111
1110100001000011000010100110011111100111100101111100011001111100001010010110001000101011001001100001111000000011010011100101111101010000100001001101011110010011001110001101010110011000010111001000110101110101010110001111001001000100010001110010000000001111
1110010110110100110000101000100100111110111110011100100100100010011110100110101000011100001110101011001001010101001101010011101101000110101100110001001001110001111000110110111101100110100000011110011011111101101000101110000001110010001100100011000100101101
0111000110001011000001100111101010000111011100000110011110011111100101110011001000100110011010111101010000101100101001001001100111010111010001001100111010011111011110101110101011101010100111101001111010111101100111011110110100011101001000000101001011001110
1101000000111100000001111001001001010100110001100111101111000010111111011111001000000101011001101101001010101010110001111111101101011011111110111100111001100110100010110000000011000100011000110111000111110101101111101111100000011001010001011000011111000000
1100010010011011110010110010000000001001111011111001010111011001110000101011101001111010010100011011111011111011100101100111100101001110010111000010000111000100100100000001110101111011011110100101101011101101100001001111010010111011100111111111010000100000
0101001001100100000011111100111110000000011000010001100100100100001000001011001001001000010101011001110010001101010001111101110011101110111010111110000100111110010110011011011101110111101001100000110000101101111100111110011111011101111010100011010100000010
1001101101010011110101100001110101111011100010000010001101111000011110111111001011110011010011001110100001011100001001011011111001111011100101000110110111111000110010100011101110011101100110011110011101100101110010001100001011010001101010010100010111000000
1000111111100100010100101111010111101010000101101010110011100101000101001000100010000111010010011110111000111010101100000011110001101111001000111010100000000001001101111001000000000001010001001001110101101101111110001101111110110111111111010101011011100111
0010111000011011100111100000111100110001001111111000000010011110111111100000000010111100010101110100000100100011110100010101110011100101100001000110100011100011111011101010010000101111000101011111001000101101100001111101101110010001010011101001011101000111
1011101010011100010111011110100010001000101110010011111000001011100001110100000010000011011100100010010101010111100000101111101111110000010110111111010000011001011101000110111110100001101010000000101011110101101101001100000011011101000110101110010000000101
1010111000101011110100010001001001011000000000101111001001010111111000010000100011100001011000110010001110000100011100111011000101010000011011000011000111110110100001011100001110011100111101100100110110111100100110101001010111111011011100010011000110100111
0010011101010100000100011111000001000011101011101101110011101010001110100001000011011010011011100100110111000000001100000001001111000101110110111111100110100110100111001100100000010010011010110010011010111100011010011001100101001111101001010101000011000000
