100
 
0110001101011000001100010101101011011000011100001000100010010101
0001011010010000100001110010000010000110101010100110100010110100
0000101111110001010101101011010101000111110110000110100000010011
1111111001100101011110001000001000110000100010111110010100100010
1011000101000101000111010101000010001001110100101010110110101011
1100101001111110000101100010111111100000100101010000001011101100
0011010111100100000100101100001000010100111111000110110001100100
1111001010001110110010111110100000101110000101101000111001100010
1000101000010010010110111000010101111001101100110011100100011100
1100111110001100110011111000011101101110010010001111110110001100
0100011011101100101111001001001011010100001111101111001111011011
0011011001011010000100100101010110000010011010011110011100101010
1011110100010010011111011111011100111010001100011010100111111011
0010011101000101010001000000100011010011010101011001010100000100
0111110111111011110110000110010110100101000111011101001101011100
1111110110110000100110011101111111101100111101000011000100110010
1100011100101111000100011010001011001111010101111010110001100100
1110001110111111101110011111000011011101101011011100001001001101
0100001111110110111010100010110110110110101011110100011110101011
0010100101000011010010001111101001110010101001000101101011110010
1110010000101010000100111100000011001100111101110011000011010011
0110111001011001111010101111011101110011111110100010100100001101
1010000011100011101011010111101001010111111010111101011010010100
1010100110101001011100010110000011011111000110010010010010111010
1101101100110000101101010101010110111101101101001001001110100100
1010111010100010011100110101111101101111011001110100001100010101
1001101111000011100000010100101100000100010000011001001000100011
0110010001010111101010111000110111010101010001101100111110110010
1010101100110101110100010010111101101100000101101000011100011011
0110001001000010100010111111000110000101000110101011110011011101
1010111111011100111001111001110111110001001000110000111111000100
1010000010110111001101100000011101101011110110111010010011110010
1001010000101000110111110110101000101110011100000001011110111100
1111010110011000000110000110100000111001100000111101011010011101
1101010011011001111000011111110010110001101000001010111101111011
0010100001101100110001110010101001100111101000110111001010001010
1010011100001101101110111011100011011111111100000001101001001011
0011110101110110110000010000011000110110110111011000010110010101
1110001111000101010011011010101011001010110001001011100101001100
1110110110001110000111001001000010011001011111100001100100000010
0101110100011111100011011100110111001110110100101000111001110100
1111100110000101011110001000111110011000011000000110100011001101
1101100110010100001010111101001101011011011001100010100010111011
0011000101100000100001010001010100010101011000010110000101000010
0110001000010010111000101101111110101101001100010010111111000011
1111100001101101101010110011100110000100001111010000001000001101
1111101010011001001011010101010100111000000001001010010000000100
0011000110011001011101001111111100111011100111001000111000001010
0100000100000111111001101011101001111000001111110011101101100100
0011010011011111111101100001000001101010001001100011110101000101
1000010110101110010000010000010001101001100001101011000110100011
1101111000111011011011111110001010000100100001011010010100010010
0111101100001011010001000110000000001011110111111010110110011011
1111000000110000011111111001111011100110110110111101111101001101
1011011110101010011000110111001010111000001000110001000100010100
0001111011000001101001100100100010001000010110011111001111010010
0000110000011000001000100001010111001010111111010110010010101100
0010100111100010100001000111011111011100100001111000010000001101
0000110010110011000101111010001111011010010000011000010001101011
1001001000000111001101011100010001100010011001100001100010011010
0011011100111101001011100101011010111010001111110111000000011011
1010110100001010000101011110100101010011000110101110101101110111
0111100010110110000100011100010101001111110000111001000011011100
0101011111111110110010000110111111111110101110110110001010010010
0000011100100000010010000000001010101001000110001101000111100100
0110000111110000110011101100000001111111011000010000000111111111
0100001110101000101111101101110000101110101000110001101001111011
1001011100011100000100010101101111010000111010100000110111010010
0111100000100100011011101011000101101000101110000100010101100011
1010001000010111011101110100011011000001111101000111100010111111
0111110010001101110110101010100001111101000001000000111110100100
0000101111100110100010111001000001011110010101111111010100001010
0100101100111111001000101110010100011011111110100101000111010100
0010111011101101101001111111110100001101101010000001111011110111
0001111010011100110111000111101110001100010011101010111110010011
1100111000001001011110100011110001100011000010011011001001000011
0110010101101010000001001000111011001110010110001101100010101011
1110111000001111101111000101000100100011000101011100010111101111
0010010110010001101100100011111111001111111011000011101000100100
0000011001011001011000110011011111101101100101001101100101000011
1001011001100110101100000101101010101111001111110100111000011100
0010001101000010010000010001101010111101010011101010101100101111
0011001010000111100101100100100000111111100011000010111011011011
0000001010110011101110001000101100000011111011010010001100001011
1000110101010011110110100010100110110101101111110110101110111011
0011011110111000100110001011001010010000100100111100000001100111
0100100010001010110101000101100100101110000011101010011001111100
1100100101000001000010010000000000011111011100100100110001110011
1011001101010010110111010011110101000100110011011111101101000100
1111011101011010000010110010110000011010101011100011101101101111
0111101110011011111100101011011101101101001010010111001111001011
0000110110101110110100001110010010110101001011101011011011110011
1100000001001101101110010111111000000101011011110110111001110011
0001101010100000110100100000110111100100011100100101110100101111
0100010010110111010111101110011010011000110010110101011110110100
1100000101011110000110111101111110010001100100111111010110111011
1111101101001001100111111000101011110110001010010110011011000100
1001111001000101011110111000001111100000011010011000011011110111
1011010010100000001110001001000011001011110010111100010000000011
0101000010110100100001100101001100001110110010101001100011110011
