100
 
01011010010011100010101000111000110000111101011100001001000100110101000010010001010100111101110111100111011010101011011001110001
01001001011001111001001111100001001111101010110000110010101010110010010101000101011000001101111010110001000101011111110101111000
01110010010011101110100100000110001110100100111101011110011011100001110101001010001111101011010111100011111010001001101110101011
00100001111110011101000101110110110111100001000111100001100111000000010011001111010011110011111110110100100000100101010111010110
10101100001110101111100110010000110110101101000001000101110111111000111011101100100000110101011011101100100000010011101100100101
10111111110111010110010111001000001001110000111111011110111011011101001100011100110001100110011010110010111000101111000110010101
10000110000101101010101101110111001000111010110000010110111110101111101100110111000010000001111111101110011000111110011101100111
11010100101001000010011011001100110111111001001010001100110000001111001011010011001110111000110010111001100000010111010001001001
01011010011001101110100101100011110110010011101111101000100011010111100011110100101001010111011111101001001001110100001111101111
01011000100000000111011001111011001011100010010111010111111100010010111101100000100101001110110110111110010000010001101011000011
01111000010010100001110111111101001010010010011110100011101111000000110101101011110110111010011011110111010001000110101000110000
00101010111101000110010011101101110101100011100100110000000001100101100010101011101110001010010010111000001000111010101000001101
11110110111111100000111011001010110101001001110011110000110000001000110010100000011101101100110111110000101001001100111011111010
10100000110111000000111010110011001011111110000000101011001001101101100101111100000001110101110010110111010001100010011111000111
10001110101101100100111001011100001011000000000101001110111000111111001100110011111010111110000111110110111001110000101001010110
11001100110010001101101000010100110101011101111001110001010100111010110011110111110010100101010110110011100001001000001101011111
00000000100000100001110011110100110111010011111100011101110101100110001001011100010000000010000011111011100001011010001110010100
01010110101001001000100100000100001001000100001100100010010011101010111110100100011100111011011010110100111001011010101110011000
11111010101001101111111011100011001001011010001001000100100001110000011110001111001011010101100111111101011001011001011101001010
00111000000100001000100110111010111111001111110011011111011111010111001000101011010111011101111010101010100001110100111000010010
11010010110111111110101000110101111111100011110000010111001100101001000000000100100100111001000111111010011000100001100111000000
10101000011110001101101100101101000101001110000011001101000110000100001111010000101100001001011110101101000011101100001001001100
00010100111110111011100100001011000111100100000110101001000101011111000111010011001111101111001011110101100000101111110110001001
11000110010011000010100100111011111001010111111110010110001010011000010000010011001001110110011010101011011011000110001010000100
00101110100001111111100110001100111001111101101011100010011011010110110001011000101110111001101111110011111000010101010001000111
01001110011100000110110110010111000111011100011111110001000111111011010110001100100010100010110110100100100010000101011000101010
11100010001001110010101100111000000111111100011010110001010110000001111110010011110000000100001111010100101000010111000011010101
00110000001100000111111001000000111001101101100000101011011010100111000001001110101000110100000110100010110010111001101111101000
11011000001110110001000100100110111011100111100111001111011110111001101001100101011011010010001011000000010000101111110000011011
10111010000001000010111001110110000101100100010001111000110000110100011111010101010111011110000010100111101010110011111100110001
00010111010111110101010110110001000101101110010101011100000011101110101111101110110000110010100111001111001001100001110110010011
11001010001010011110110011101000111010111011101101100111111101101001111010010010111100001011100110100000011010001001010110111111
00110111011001110000011000010111111011101111100000000111001111110110110010111101011111101100000111001001011001001010100101001101
01100100010110011001111011001111000100111010011000011100100001011011101101001001011111110101000110101110000010101011000001110101
11101001000000111001011000000011000101010100011001010001010000100011110100110010001100111010100011001110100001011010010110000110
00101110111101011001101101011011111000100011110011001110101000000110100111100010010000100001001010101001011010110111110010111011
11000011001101111101010011111100111001011101111100101010111001001000000111100001100110000111100111000000111001110000010000100110
10010010100000011100100111001101000110100000000110010101110100000100110000110101101010110111101110101111111011011101110000101011
00011111000111011010011011101010000111001100000010100011110101011100001000101010001001010001000111000111111011101010100001101000
11011000100010010001100111110010111000111001111110110000110011111001110111111110000001011000001110110000100011010110100001100101
00110101010010011111001101111100111101000011110011110000100000000111011110011101110010110101111011000001000011000100111010110010
01100110101111010111101101110100000000010000001011101010111110101010001001101101101110001100001010110100011011100110010111101110
11110111111001010111000111010011000001010010101110001110101100010011001001010110110001101011111111001100011010000100001000111100
00100110110100010110000110000100111110010011010100111001100110110110001110100010101101111110100110110011001011101000010100110110
11001011110101000010000111000011111111011011011111011101100111101000000110001101011110111010011111001011101010111110001111110100
10001000111000010011010010011011000000001010100101100110001011100101011000110001010010100010000110111001010011010010100111111000
00100001101110000101001101110101000001000000110001000110111011111101110000001010110100000100111011001001110010110101011100111011
11010010100001011111011000001101111100000011001001011101000111011001010101011000111000110100100010111110101010011000110001011010
00101101100011000001000111101010111101100001000100010000110110110111110101010011001011000010110110010110101010000001101110101001
01111110001110011010011000111011000010010100111000001111011000011000000010001111010011011001100110111000111010111000000010010100
11010111111001001000010010001100000011111000111101101011111111000010101011010000100000110110010110010000011010101011101001100001
00100100000110011001010010110100111100011101001111010000010000000111111100000100010100001111000110110111100010100110001001001100
11011001111100001100011000011000111100110011001000100000100011011000101100001110100011101001110010010111000010110001011011101111
10000111010001011101011000000000000010101100110110110011011101010111111011001110101101111001111010110001011010001101011111000011
00101001110001001001011000000111000000110010110011110111001100001101110011101101001110111101110110011011011111011011001010110101
10001011011000000000001100010110111110100111000010101001000000101000101101011001000110100101111110010100011000010101101110001001
00100111101010001110010010110001111110101011000111001101010000010010110101110110110100001011010110011100111111011111101001111011
01110001010110000001000111001001000000111110111111111110001100111001100010010010101000010010011110001011100000110111101101001011
11001101000110000110111000110111000000100100101110011110011001100010000010110001011111000001111010011010100111100101111111011010
01111111001111000101000111101111111010111111011100100111010111100111110101100001100011010010111010001101111001101001011111010111
11010101011101000011101100000000111000010101011011000111010101101111011100101010010000110101011110010101011111101110101100010000
10000111000010000010001101111011000110100100100001011100110011000110110011101010010000001100110110001010101001000011001000011101
00111011010000000110100110011100000110011100100100010001000000111100011001100001110011101010011110010011001111010110010111001110
10101001011000001110000111001100111000101101010001001110111110011000001110111101111111111010010110000100010001001011101010010011
00101001010010000010100101001010111000001111010100101010001111000000001110110010001000111110111010010100010110010000010001000100
01101011111101001111010011010010000110111100101100010001100110001001001000110110010100100110110010000011001001111001111001001010
11000101001111001001101101111101000100000110101001101001000111010011000000011101100110001000000110000011101110111010100010001000
01010111110110001010011001110100111010010011011011110010101011010110011111100101001110010001110110000111011001010010101110000000
11001111000100011100100111110011111010011111011000110111011010001111110111001110101101000110000110001111111110100000110001001010
10011101101010001100011011100011000100010010110010101000100110100110000000101010100001010101010110000000100001001110001100100110
00110001011000011000110011000011000100011100111111001100110110011100110000000101001110110011100010001000100110001000010111010101
10100101100001000001010010111011111011001011000111111111111000101001000110010001000010001011111010001110111000100100010101101100
00111001010001011001111001010100111010000101000111011111111111110001101110010010110001100001000110001110011100011110000110011101
01101011111100000000110000001101000111000000111111100100110001111001110001010010101101111001011110001001111000100110100110110000
11000111111110010110111011001010000110101100110010000000100010100011101001011001011010111101000110000001011100110101010100010111
01001001110110100100101100011010111001010001001000011110111101000100111110001101110110100100011110011111000000011100110000111011
11100100100110010010110011101100110000111011001111010010101100111110111111011011010100001011101010000111100101101101110111011001
10010101110011100001100110110100001111011000010001001001100000010111101000001111011100000010111010010000011000010000010011110101
00101000100001010111110000111011001010110010011100101001110001101100110010100100111111000101001110000000110101000111100000001011
10111111101110101110100100100000110111100011100100000000001100001011101101010100111011010110010110010111101000101010000000110101
00010010101000010111101110000111110110110011100000101000111001010001000101101111001100110000001110001110101101000001010010100111
01100001000100111110101100110111001001100010001010110011010111011000110111010011010000001000000110010011110001101001110110101111
11011000110110010010100110010001001000101000000001110110110100000010010111111100100011100110101010001011010101111011001001101100
01001001011001111011101110001001110111111011111011101001011010110100110000001000001001111101100010011100101001010001110101100001
11100100111111011101100100110110110110100001111100001101100000001110011000110011101010111010000110101101000101110011101110110010
10000111010010111110110000001111001011110100000110111110011110100111000111101011100110101011000110011110011001011111100110101011
00100110100010011001101100100000001010010000001011011110001111111101001110100000010000001100100110110110011101001001111100111010
10110101011110110010111001111000110101100101110111100101000111111010001001110100001100000001000110011001000001110101010010100110
00001000001000011000001110111100110100011011110011000001000110100001001001101011111111001101100010110000100100101010001101110000
01011101001101110001111011101100001011101100000001010111001011101000011110111111101111010101101010010111011011100111010001110100
11010000001101011101010000001011001011000010000110010011011010110000110110011100011100110011000110110111100100100110001110110110
01010011000000110100110011110010110101101111111100001000000100010101001000101100110000001011001110010000111011001111101011011010
11111110010110000001011000011101110111000010101111101000010111101111110000010111010111100101100110111000011100011100011000101100
10101001001011110000110101010101001001010111011101000011011000000111000101100011011011111110001110010110100010010001111000010000
00100110011010000110011011110011001001011101011000101111011011011111100101001100101000111001111010111100000100010110101011100001
10100101010111111001101111000011110111011110100000110000110001001010110010110000110000101000101010001011011010111010001111001000
00001000000001000111010011100100110111011100100001110101000000010000101011001011000010001110011110111011010100100100101000101011
01010111111110111111100111111011001101001101010010101110111100111101111100011011011110000110000110001101001010111010001101000110
10001010001100000011010101110100001111000101010101101110001100000000111100010000100001001010111110110101101100101000011110100101
01011000100001111010100101101100110001000100101111111101100000100101101011001100001101010010100110001010010010000000011110000101
