100
 
0111010011110011100110011110011101110001100000011001100100110001100111111101011000100110001110111011101100111011110100010101001011010011110111110101101000100000100110100111000000000000111010110111001101110111101110100000101110001000111011011101010010011110
0011010111010011000011010101100010111101011100010000000000000111001000110110100111001111011100111000110001110000111100110001010010100000011111111001111110010111000111111000000011011001110000110001110101101010010000110100001110110000111011001011001001111001
1100000000110100100010011010111100101001100110111111101110101110001011010011010010100001011100111111010001100101010101110100010110110001001011011010011100101000110101110110111100001000010111011000001110010001001011011100001100000111111100011001111000100000
1101101100110110100110001001100111100010011000010110101001100000100000010010010101111010001010111100001101001001000100010011001101010001100011110011001001011110000100111101110110110011111101000010111110000100011111101000101101111100111101111101100001010110
1011101111010100000111100010011010100110110001101011000111001001100110101101100000011101011000111111100101011100001111111010001000000010001010001011011011111001000011100011011111111110011110100010010101011000100101001101001101000010111010101111111001010111
0110101011110100001000111100000100100110001111101011100011010111011101001000011001100111111000111000101001011111010110101100010011110111011000001010011001000110110011101110101001100101000100111001000101100101111110111111001101100001110010110001001010000001
0011100100110110101100110111011011101011111111000100100101111110110100000001101110001100101010111010010101000010011011001001110110110100110000100010001110110001000000100000100010110100101001011001111110111110110000010011101100011010110101110001010011110000
1101100000010001001101100100100100101111000001111001001111111000110011100110001010100010111100101001011101000110001000100110101111000101101000001001111110000110100001011111001000001100001011000111000010100011001010100111001100001100110100000011001010100110
1100101110110011001001101111111010110111111010010000111000000001011000101111110111111001101100100100110001011011000001100010101001010100001001101000110000111001010011010001000011010111000000101110110001011110011111110111001100110111110001010101101011001111
1011111011110011111000100001100101110010000110011111011100101111011011001010000000011001001110100111101101101010111001000111110100010110010001110000100010011110100010011111110101000110100010111100001000000010000101010010101101000100100011000101110001011001
0111111001010001010111111010011010011110111100110110010010100111100100110001110001100110011100100100001101101100111000100100110101100111111001011001100001101001010010000000011110111111011101010110111010011001111110100110001101111000100110000010100100101000
0000110100111111010011110001000100011110101000001011110100001000000111110100010100001101001100100011110001110001110011101001101010110110100001111001010101010110110101000100010111100100111111000111010011100100100000001110001101001011101101110000111101111110
1100110010111100110010000110011011010001010011101000010010010000001101011001101011100011000010100001111101110100101010001111001011010101000000110010000111100001000100001011111001111001110110101001101001111001111010111010101110100100101000101110000110111111
1011111111011100010110001101100100010001101111000101011111110111101010011010011110111000110000100010010101101101101011101010010101000000001000000011000000100110010110010101101010001000011000010000011100100100001111001111001110010110101000101110010111001011
1010111001111110010101000101111000011101010101001000111001111111100001110111101111011010100000100101001001101011110000101101010100111011110000101011010010011001110111011010000000010011111011010010100110011110010101101011001110101101101111111100001111010000
0110111100111000111000011010100111001000101011110000010111000000011110010110001000100101100010100110100101010110111001000100001001111011110000000010001000101110000100010100001011011010000001101010011111001011001111010011101111010010101110001010110110110100
0001110110011011011100011001011000001000010010011111000011101000111101011001010101001100110100100101101101010011000100000000001010001010001001000110101101011001110100101001100101001001000010101001101110010110110000010111001111100000101001011010100101100111
1100100000111011011101000010000110000100100000110110100101100111110110101000100010100010100100101010010001000011000100110111010111011001000011101101111111100110010111100111010110110000101100000001010100101001101010100011001111011011000101011100101100010010
1010100101111001111000001100011001000001011100101011001110001111010001000101010111110001000110101001011100001100001111011010110100111000110011010100111001000001100011101000011111101000001101011111100101110001011111010000101111111100000110001110110101000000
1011101011011111111010100111100110001001100110001000101000011000011010000110110110011011010100101011111100011001010110011100101000101011111011110100101010110110010000110110110001111011100111111100001011101100000101111100001110000100000011010010000100000101
0100101110111101010111110100111000001101011001100101101100110000111000101011001001100100000100101000100000110100010111111101101001111110000010111101111110001001111001111101111010000110111000100100110010010001011111001000001010110011000011110000011110111111
0000100000101100110011111011100111010110110001001000000010111111000111101110111100001111010010101111001100100100001100011010110110011111000010010101011100111110001001110011000000011111011010000110000000001110110000101000101000001000000100100011001111101010
1111100001001110110010100000011000010010001111010011100100010111000100000101001000100101110000101100110100101011000101010111110111001101101010110110000110011001111010101110100011000100110001011111111001010011101010011101001001111010000101110101110010001000
1010100111100000010111101010000101011110111111111110100010101000101111110000101111110000100000101111111000111110110100110011101000101100110010001111000001100110111011100000101101110101110011110001001011101011111110001001001001000101001010100101101001011101
1110101010100000100101100001011011011111000000010111001111100000100000111001010110011010110010101000010100111010111111010100001100111101010011000111010001010001001101011111000110101100011110100001110010110110000101100001101001110110001010000011111000101111
0101111100000010101000110110100100010011111000101011111001000110000011011111100011100101111100101010001100100011110111010101010101001110001011100110000111100110111100010001011111100111110100001010001101111001011111010101001000011100001111010001110000111010
0000110000100001001101011101111011010110000110101000010111011111111000010110010100001111001100101001100000010100101010111010010010001111100011001110100100011001011110011111111001110110000111011010111101000100000000110001001000100011011100001101001001110000
0110010111100111101101000101100101010110111100000101010011110001111110110011111001100100011110100100101100011001101011111110001011111100110011111101110110011110101111000000110010001101001101110000010110010101111010000100101000110000011001001111011010000101
1011010111000111101000001010011010001010001001101100110101111000010101011000101000110011011100100111011100001101110000001001001100101000011010110100100000101001011100001100011000010000101010101001101110001001101110101100001001001100010011111101000011010111
1100011000100101001010011001000101001101110011010011011110010110110100001101011111011001001100100100010000001100111001101100010100101001110000011100100001010110111100000011100011001000000000001111111101110110110101011000001001111111010110101001111010100010
0100011100000110100111010010011011100101001111011110011000101111111011101000101010100010011010100011101100010001001000100100110001011010100000111101111111100001001111011101100101111011100001000101000101101011001111001100101001000101010101111011101010100001
0011011011000000100010011100100100100001110101110111111100101001011000000011000111001110111000100000100100010111000011000011101010001011001000010001011101000111111010010010001110100010111111111100110110110010010000101101000010100010010000111100110001010101
0110010111100000000010000111111111101000001010001000010010000000000011000110110000100101101000100010001000101010011010100110101111101000010001001010001110111000101000011100000111111011010100111110001010101110101000010011000010011001010000001110000000001110
1000000000000010100111001100100011101100110010101001100100001110100100101111000001110010111010100101110100101011011011101001110100111001110001101011011010001111001001100001111001001000110110000110110001010001111110110111100010101011010111010010001101001010
1101001100000000100100111011011100110000000100000100100011110111001111101010110110011000101100100110111100110110010011001101110001001001101001000011011000111000111001101111111010010001111101000001000000001100100101000111000011010100011110010000010100111001
0101001110100111001000110000000011110001111100001100001111111001000101010001011011100011001100110101010001110000001000101010100001001010000001001010001110010111001010100000010000011000011011111001101010010101011111110011000011100111011001000110000110101101
0010001011001111001101111010011101111101000111110011101001010010100010110100101110001101011110111010001101100101000001101011001110111111010001101010111101100000101011111110111011001011100010110010011011101000010001010110100011011111011101110110111111011110
0111000101001101101101100001100010111001111011011110101111100110111001111101011100110110001100111001101101001100110100000111011111101100111000010001110001010111011101110101100101110110000000000010100001110110001000101110000011101000011100100100100110011010
1001000000101111001000100110111101110010010001110111000001101100011110011010101001110111001100111011110001011000111111000000000000000101110000111000100011101000101100111011000110101101001111001000011100101011111110101010000010000011011011100010110101100001
1100001110001000011011111101100011110110101110101000100100000101110101010111000100011001110010111000011101010111100110110101000101010100000100111000100000011111000111100110001110110100100101111111101110011010100101011110100010111101011010110010001100110101
0011011011001000110111110111011100110110011110001001101110001011110110110110010011100010100000111111010101000010100111010010011101000110001100010001010110011000110111101000100001000100000110110111010111000101111111101011000000001110010100101100010100110110
0011011001101010010010011010000011101011100000100100011000110010011001011001100110001100100000111100101001000011101100011010011010100111110111100001000100100111000100100111011010011111111100001101100111011000000001000011000001110101010101001111010101000010
0100010110001000010010001001011110101111011000001111111100111100011010001000010111110111110010111111100101011111110100111101100011110110110111001010000001010010000101011001011000000110111001001100011100100100011000110111100001000011010010011001001110010001
1001010010001100110101000010101000100111100111010010010010011101100000100101111000110100100100111000001111111000110101011000100110000101001111000011010011100101110111010110110011110111010011110110110101111101001110010011000001111000000011001001111111100101
1101011100101111010100011101110111100010011101111111010101100011001111000110001101011010000100111011110011100101001100010101111101000000000111100011001001001010000010011000111101101100110000110110000011100010110100100011000000011011000111011011100010101110
0010011001001101011000010111101000101110101001010110110011101010001100001011111000100011010110111001111111110101000111110011111000110011111110001010101110111001100010000100000110100001011010011001111010011111101111101100100000100111001100111101111011111011
0011011111001111111101011100000110101110010011100000011111000100100111101010001111001001000100110110001111111000011110010010100010110010111110110110111110001110010001001011001110111000010101000001000000000011010001011000000000110100001001101101001001001001
0101010110101011011100001011011001100001101110101001011001001101100000100101100110111110010100110111000011101111011011010101100111000010010110110101111000110001100000000101101001001011100111100011110001011010001000101000000001001011001010110011010000011100
1000000000000001011010100000000110110001010100000100111111110011011011010000010001110100110010110100101111101010010000111001011110010001001110011100101010000110000010011010000010010010001110111000001011100101011110001100100001111001001110110001001001111110
1111000101000010111011111010111000111101101000101111000001110010111000111001100100011011100000110011110111010010001001111100011001010000101111110100111001100001110011010100011000001001001000011000111010111000100100111001000101000010001101000101111010101011
0011101011100000110111110001100111011000010010010010100100011100110111111110011001100000110000110000011011010111001001001011000000100011110111010101011101011110000100011011110011111000100011000110010101100101111111010001000110111101001000010111110011010001
0100101111000100010010100110111000011000100101011011101010110101010101010111111010001010110010110010010111001010110000101010000110110110011111001101001111101001010100100111110101100000000001101111101101011101110001100101100110011111000001000100101011010100
0101100000000110110011101101000100010100011101110100001000101011011110010010101110111101001100110101101110001000111011100100011011010111001111100110010000011110110111101000011110111011111010111101111110001010001001110001000110100100000111000010111010000110
1011100000100101110101100110011011010001100011000001101100000011111011111001011011110101011100110110100010011101101010000001011010000101100100000111010010110001000111100110100110000110110100010101000110010111011110010101000111010011000010110010000001110011
1110100111000111000100111010000100001001011011101000100010001100000000001100100100011010011110110101000110110000100011100110100101110100011100001111000000100110110100111101101001010111010101000110110101101010000100101100100111101011000001101100010000100001
0011101011000011101001111001111010001101110000000101000101111100001011001001010001100001001100111010011110100101101000101010100100110101011100110110100101010001010101110011001010011100111111101110001101110011111111001000000111011100000100101110001101000100
0101111100100001101101000010100101000010001110001111100011010011101100100010110000001011011100111001110010101111110001001111111011000110110100010110110111101110100101111110000000000101011000010000110110101101100011111100000110100111000100111010110101011100
0100110000000011001100001101111010000010111110110010101111011011100111100111000111111100111010111010001010111010010100101100111011010111101101111101100001011001010010100000111011110100000010010001000010010000111001001100100110010101001011001000100110101011
1010110111010000101010000111000100001110000000011011011001110100000100001110111010110110101000111000000110110111001110101001100110010100001101111100100010111110110011101111110101101111100001101011101001001101001110100001000110111010001010011010101111101010
1111110011110100101011011100011011001111111001110100111111101100111010101001001111011101111000111111101010100011000111000111100101100000010101010100111110000001001001100001010110110110001011101000010000010110010100110111000100001001001101011110110110111100
0000111001011110000110011011000000000011000111100001010000000011111001110000101000100000101010111100110010000000010110000010011000110001111101101101011100110111111000011110111110000101000110000000100010101010001110010111100101110011011101000100000111001101
0100111100011100100010000000111101010111111111001000010100000011010110010101011001001010001100111111011110011101011111110101011011011010101100001001001111000000111010010000100001011000100100011110011011100111110011100011000101001100011010010010011101011011
0011111010111110100011001011100011010110001001100111111010111100010101111111100110111101011100111000010010011000000100010100000111001011000100000010011001101111001011010101001010000000011111111111101001111010101001010111000101111111010011110001000100110010
1010110111011011000100100001111100011010010010001110011000010100111110111010010011110111001110101011100010000100000101011000000110111000001100101011011001011000111000001011001000111011111101100101010100000001011110111110100100000111010110100101110101100100
1110100001111001000100110110000011011110101110010011011110011011000001010111010110011100001100101000101110010111101100111111011001111001111100001011001111101111011100000101100011101010110010000101101110010100000100001010000100100000010100110111101110010101
1001101100111011101001111101011101010101010100111000110011110011000010010100100101100010111000100110010010010010110111011010111000001001110101110010111100010000101111001010011101110011010000011110011111001000011110101110000100011011010001100001111111000011
0100101110011011001101100110000010010001101000010100000101100101101000101001011000001001100010100101011010101110110110011100100111011010001111111010110110100111011110010100010110111000111001110110110101110101110011011110100101001101010010000001110010000010
0010101001111100001100101000111101001001010011100001100011001100001111001000101100111000100000100100110110101011101010110101100010111111001111011011100000100000111110011011111110001001000111100000000100101110101001010011000101110110010111011011001010110100
1011100101111110101011111001100011001100100111101000101111000010000100000101001011110110110000100011001010110000100011010010111010101110110111110000100001011111001101010111101001010000000100001011111101110011111110100111000101000101111111001101011001101101
1100100011011100011011110010111100100000011101000111001001101011100111100110111110011101100010100000000011110101111000010111111101101101111110001000010111101000111101101000000011001011101110010011000011101110000100010011100110111011111000001101000000001011
1000101110111100011110011101000011100000100011101110101111010101111000101011000111100011000100100011101111101001111001111011100100011100001110001001000101011111101010100110001000110110001101110001110010010010011110110011000110001000111001111011111001011010
0111111000111110110010000110011111101101011010010011100000011100011011001010110000000000010100100101110011001100010000111100000011001111000110100001000110110000001011101101100011100101000011101000001000001001000011001111000110100011111110101001101000101100
0010111001010001010001001100000000101001110000011000000100111010110000100101010101111011000110100110010011011101001011001101011010101111101110000000010010000111111001110011010101111100100010001110111001010100111001101000100111010111111010111110110010111101
1100010111110011010100011011011111100011001100110101101010100011111111110000101000110101000100100101001111010011001010101011011110111110111111101011001000110000001000111110011110000100011000000110000011101001101111011000000111101100111001111110001011111010
1101010010110011110100010000100001110110111110000000011000001101011101011001011111011110110000001010100011000110010011100110000101001101010111110011101111000111101011110000110110010111110111111101101010110101110100001100000111010011110100000100011010000010
1000011100010001010001011011111110110110000001101011011110000100000110111110101110100110100010001001101011001011011011000001000000001000001011010010111101111000011011101111111001001110110101111101111100101110001010101000100110100001110101010010010001010101
0110011001110111011100000001100001111011111001000111110011101010100011110111101011000001110000001010010111011010001000100100011011111011101011111110111001011111101000100001001011000111011110000111000101011011010011010001000110011010110011010010000000110101
0011011111110100111110000110011111111111000111001110010101010001001000010010010100111010110000001001011011111100000101100000111110101010110010110111101011101000001101011110100000110100111100000110111110000110101001110101000010111101100010000100111100100010
1100010111010100011011111101000000110111111111110011010011010101001011011001100001110100000011001111110011100001101100001011101111101010011000010100111000010111111111010000101011101001000001111000001110011011111111000001100000000111100101110110100101010010
1100000000110110011011110110011111110010001000011000111111111110100100101100010010011111011101001100001111100100110111101110100001011001001000101100011110100000000110011101000101110000001011110010110101100001100100110001000001110100101100100010110110000101
1011000100110000111110111001100010101110110000110101011001100010100111001101110111100101011101001111000011111100110110101001110100001000100000000101001100000111000110000011010110001011101000000011000101111100011010011101000001001001101000100000001111001101
0111001011010011110011101001111100101110001110100100011110001000011100000010001010000010001111001000100011101011101111000101111101101011001001000101010001011000110101001101111110011010000010001001101110100001000010001000100001111011101011111010010110111010
0000001111110011010001100010100011100001110100001011100000000101111010100111111100111011011101001011111111100110100100000010101010111010010001101100010011101111000100000010110001000001100101111001010010011110001001101100000000000100101110101101000110101010
1101000000110001110100111101011100100001001001100110000100101111110001101110001001110101111001001000010011010011110100110011000011001111110001010111000001011000100010011100011011111000111111110110100001000011111111011100000000110110101100001101001101011101
1101000100011111100101110110000010101101110011001111101010011010011110001001101000011110101011000110001011010011111101010111010101000101101001110111100110100111010011010011101000101000011110001110011001011011100100110000100000011101101001011011110100011101
1010000110111101000001011100011101101000000111010000101000010000011101110000010111100100111001000101100111001100010100011000011100110100000000111110110110000000100000011111100011110011110000001101101010100110111000000101000001100010100010001001100101101010
0111001011111100101100001011100010101000111101111001001111111101100110110101100010000011111001000100101010001001000111111101001001100101010000011110100000110111000000100000001101111110111011110101010011111001000010110111000001110000100111011101111100110010
0001011101011110101110000000111100110100000010010101100011110111000001011110010111111001001011000011010010010101001110011010000010000110111000110111100011001000110011101110000110000111011001110111101001100100011001010011100001001011100111111111001110110101
1100010000111000001011011011100011110001111010100100100101001010001010011011110000110010011101000000011110110100010011011010010111010111100000001101111001111110000011100101111110010100100010011000011100010100001111100111000010111100100000100101010011000100
1011010110111000101010010000011000011001010100101011000011000000101001110110101001011111001101000011110010101011011000110101111101000100000001001100011101011001010000111011011001001101000100000000110110001001110101101111000010000100100001110001001010010010
1011010011011010101110000110000100011101101100000110101101100101100111010101011100100101001111000100100010101110001001010000101000100000001011100101001111100110110101110110010011110100001101100010001111010110101000011010100010100011100110110011111001100011
0100011001111001000111001101011011010010011111101111011000011111000100001000101011000010111101000110001110111010000000010100100001110001110011001001011000010001000101111000111000100111101111111011111101101011110010101110000011011000101010000101110000100101
0001011100111111100000100110100100010010100011010000011110010010111111101001000110111000101001010101110010110011111000110011110110010010110011101000011010100110110110100111100010111110000100011001000100110010001001001110000011101010101011010110101001011100
1101011010011111100100111001111010011110011001011001110000111000110000000110110101110011100011011010111010100110111011111010111111000011001010110010001000011001010111101001000101000101101010000001110101101110011111110010100011010101101100000010111001001010
1010010100101101000101111011100101001111100111110100010100110101010011000111000000011100110001011001010100001000110010001101101000110000000010011011111101011110100101100110001100010000111001101110001011010001100101010111000010100110101101000000000010011011
1011000001101110000001100010011010000011011110000111011010001111011000101010110101100110100001011010001000011101101011101001000100110001110010111010110111101001010100011000100110001001010011111110110010001100111000100011000010011100111011111110011011111101
0101101111001000101010101101000100000111100000101010111000001011111111101001011010000101000011011101100000011100101000100100010101000000111010110010100001010110110010010101011001000011110110010100000000010101100010110011100010100011110010101110001010101100
0000101110100000001111100110011011000110010000000110011111100000000101000100101110111001010101011111101100000001110001000011011010010010000011001011100010100001000011011011011011111010111100000101101001101000001001011111000000000000110101101100110011011010
0111101000100010001011111101100100001010101110001111010011011100000110110001011111010010000101011100010000000111111100100010001011010111000011101001010110000110111000000100110000101011011111101111011011100110011111101011000001111000110100111010100001010011
1011100101000000111010111011111001001110010101110000100101010111101011111011101000011101000111011111010000011010000111100100000100100110101011000000000100111001111000001010111010110000100101010001000010111011000101001000100001001111110000001010101100000111
