0
206 501 397 282 488 340
315 477 61 110 425 342
1
80 209 89 320 418 207
290 153 49 118 390 148
2
482 246 401 184 467 168
504 468 178 181 202 10
3
26 403 405 204 35 193
295 103 215 201 350 197
4
277 449 225 36 152 423
358 481 391 385 370 191
5
113 51 430 395 370 92
105 154 54 328 301 249
6
228 78 431 81 23 182
232 39 358 219 227 316
7
410 125 423 212 499 96
311 294 430 137 306 262
0
59 166 4 152 160 195
236 155 16 99 131 271
1
284 116 337 12 233 198
379 489 263 394 150 252
2
211 206 449 178 230 129
504 71 423 213 429 183
3
490 164 4 213 146 268
72 409 419 132 207 198
4
210 433 286 226 417 287
331 507 126 456 141 276
5
259 507 224 49 377 217
341 184 464 168 97 61
6
453 190 371 65 47 394
86 229 62 468 292 128
7
189 151 106 55 368 79
32 240 97 69 243 99
0
349 344 426 154 225 467
378 358 177 107 391 341
1
309 126 475 35 236 396
225 429 430 6 57 423
2
25 111 146 349 4 216
41 275 280 429 79 28
3
48 156 479 98 25 307
183 320 90 236 50 386
4
141 435 411 324 58 351
481 428 30 305 76 470
5
157 349 55 274 20 308
421 50 289 211 36 100
6
464 284 54 375 382 190
432 266 335 42 351 78
7
436 285 308 411 428 214
11 349 362 423 222 219
0
109 401 81 433 307 248
436 77 324 205 210 483
1
15 326 429 243 276 489
117 84 219 287 359 158
2
460 67 360 41 8 482
342 344 38 450 375 47
3
305 142 213 82 436 252
486 130 425 205 200 495
4
144 294 89 486 364 26
458 462 411 225 438 55
5
209 496 228 202 413 12
65 122 62 93 238 394
6
461 111 39 9 233 343
151 51 154 105 384 365
7
498 240 106 485 505 369
122 343 501 221 31 77
0
17 132 268 348 180 264
68 19 54 374 211 38
1
242 87 401 435 141 140
425 245 302 263 206 260
2
10 378 359 131 55 420
5 287 210 222 61 367
3
111 478 117 3 138 406
426 319 175 503 273 358
4
143 416 18 183 85 172
447 315 197 212 438 423
5
108 362 209 465 166 294
207 453 118 454 26 445
6
482 112 364 193 163 403
293 374 226 504 395 184
7
368 147 116 428 306 117
77 429 421 56 33 376
0
15 209 320 395 497 317
60 327 262 53 461 250
1
330 194 280 234 35 491
57 480 340 358 6 406
2
490 188 365 412 457 463
32 396 308 250 411 291
3
402 329 71 46 46 275
421 223 351 113 113 125
4
402 215 148 389 67 266
255 284 150 415 81 182
5
110 501 266 270 315 171
188 247 222 227 29 236
6
358 319 42 12 470 178
42 305 403 450 279 479
7
485 181 480 267 117 237
214 382 323 77 354 347
0
502 460 131 4 461 43
481 313 15 16 317 172
1
254 344 492 334 180 66
248 381 402 238 443 228
2
144 101 461 151 127 193
337 35 266 433 25 383
3
62 139 205 215 139 452
408 4 400 19 4 468
4
231 304 411 124 120 326
304 18 446 167 177 371
5
354 52 64 316 167 415
8 137 482 105 381 286
6
219 90 93 145 38 146
368 87 222 4 278 149
7
38 426 495 407 64 378
281 290 255 425 362 442
0
489 398 376 73 205 109
429 65 486 292 311 436
1
174 236 476 319 30 138
253 57 152 177 81 304
2
508 148 191 270 204 205
197 360 317 51 165 486
3
375 136 381 90 331 184
231 52 83 405 397 249
4
305 191 357 308 184 258
81 255 311 211 351 113
5
168 431 234 163 359 179
156 361 350 221 247 237
6
378 380 354 217 153 213
331 431 462 188 257 377
7
59 240 39 416 362 243
305 239 170 82 495 453
0
408 94 200 300 291 333
105 376 291 182 146 314
1
402 13 196 288 221 188
421 209 209 7 502 364
2
379 164 385 101 445 15
465 343 274 181 438 194
3
47 198 172 491 432 174
253 301 34 239 82 383
4
217 453 419 38 453 300
180 49 30 24 285 335
5
40 5 360 338 276 188
422 349 136 463 390 434
6
311 17 466 94 229 71
278 470 208 468 114 74
7
343 307 13 453 254 486
382 226 165 270 234 239
0
252 54 210 67 236 190
499 216 331 268 435 251
1
196 94 307 305 104 148
209 446 118 43 383 234
2
18 18 464 204 214 365
225 225 38 260 344 261
3
163 377 461 308 375 134
268 228 192 71 263 246
4
308 251 107 327 482 71
486 351 63 271 246 186
5
367 400 70 415 180 197
424 508 452 117 443 104
6
373 455 403 60 484 57
226 404 486 446 407 205
7
324 507 309 337 433 194
194 315 95 341 358 123
0
273 395 201 238 466 36
74 53 295 443 337 144
1
216 299 319 62 238 225
11 219 177 21 99 130
2
199 378 143 12 358 414
147 197 104 485 467 384
3
207 168 91 191 431 415
150 203 179 8 385 222
4
423 353 432 18 8 232
259 59 1 407 447 110
5
342 163 133 502 408 104
25 103 422 138 466 164
6
118 150 423 143 15 428
109 446 477 288 157 262
7
323 330 96 152 261 46
392 357 312 99 66 219
0
394 200 408 39 31 496
49 291 105 156 124 457
1
489 501 215 212 302 329
158 437 376 176 361 66
2
232 508 304 401 275 179
20 188 162 455 429 374
3
296 183 273 25 362 390
71 259 42 113 156 431
4
118 195 269 244 391 246
472 271 33 469 424 111
5
278 418 335 155 208 277
159 326 244 491 122 345
6
356 242 253 154 359 404
375 381 96 507 324 180
7
334 122 37 54 460 15
61 93 250 457 205 35
0
28 432 241 347 338 285
112 201 455 370 334 122
1
221 305 319 386 103 268
502 43 177 237 360 42
2
461 359 421 429 371 10
454 385 124 170 203 434
3
325 243 292 74 238 297
203 417 357 397 317 89
4
269 347 90 101 114 73
371 113 371 417 102 57
5
272 285 410 498 382 400
407 249 14 170 354 403
6
414 357 15 102 357 246
98 262 140 9 288 93
7
336 97 272 278 110 337
272 25 256 34 46 156
0
474 279 372 372 114 192
369 98 470 470 456 259
1
27 92 431 109 397 469
423 341 59 67 247 49
2
188 319 378 31 8 408
92 335 165 310 468 246
3
382 237 75 213 184 359
452 387 438 271 192 254
4
306 155 184 90 41 317
450 46 198 454 429 250
5
452 268 121 81 149 304
234 331 437 291 356 203
6
86 136 305 259 45 122
31 117 330 475 74 499
7
29 474 402 367 52 134
157 305 234 104 327 71
0
30 419 219 409 455 436
120 149 367 109 293 217
1
93 96 159 423 285 128
405 271 111 275 210 132
2
291 68 155 63 49 320
340 313 276 414 32 35
3
21 507 8 147 136 341
180 440 465 304 208 151
4
267 265 397 243 110 235
402 12 416 485 88 84
5
24 286 213 491 349 298
87 387 170 498 174 304
6
220 79 351 331 56 236
264 480 291 122 445 500
7
106 267 261 333 75 437
236 215 124 242 185 337
0
453 478 42 270 354 434
285 385 168 62 398 209
1
151 498 291 466 25 331
269 35 312 170 188 351
2
416 55 230 187 187 428
175 351 241 385 385 441
3
377 481 29 466 178 303
241 335 22 220 434 306
4
375 234 267 332 139 329
246 427 50 307 240 344
5
163 469 108 134 107 260
29 222 313 350 88 398
6
57 250 344 112 297 238
320 436 243 460 464 444
7
225 59 171 67 264 128
130 96 22 56 319 175
0
163 264 277 222 306 126
143 38 90 379 206 504
1
109 189 338 412 108 492
67 391 463 349 207 402
2
149 480 279 106 450 209
0 420 335 14 324 264
3
281 34 162 152 247 283
169 355 115 137 366 35
4
101 421 393 168 152 373
404 397 329 368 340 13
5
426 132 184 30 140 478
259 213 307 261 7 271
6
126 458 201 296 83 208
363 280 465 489 65 243
7
419 94 212 40 239 500
424 481 243 370 489 147
0
178 396 366 163 276 29
203 57 446 143 86 116
1
82 233 39 387 329 37
51 150 274 24 66 381
2
320 206 245 386 309 5
2 9 415 251 10 407
3
57 142 404 424 445 475
270 458 496 164 295 53
4
311 285 125 69 20 419
444 415 500 492 371 149
5
33 155 251 68 446 146
357 307 367 349 349 331
6
382 325 185 378 409 139
92 320 167 372 273 403
7
380 158 302 143 255 205
330 25 133 32 155 51
0
293 482 20 133 256 244
154 401 80 23 6 467
1
316 92 212 175 115 13
105 341 176 271 416 209
2
238 145 197 258 170 237
106 297 487 297 331 416
3
252 3 272 481 105 261
359 207 451 303 500 126
4
361 383 198 150 398 325
215 329 410 302 50 355
5
316 370 351 208 366 387
46 99 53 93 156 116
6
334 400 226 347 467 301
294 202 153 24 212 104
7
51 272 132 274 228 485
414 168 458 141 253 432
0
489 402 382 96 473 281
429 81 1 384 365 106
1
79 46 386 130 458 471
253 35 237 455 428 270
2
453 185 231 196 417 128
361 81 8 475 458 399
3
43 175 30 483 360 268
218 202 337 199 236 408
4
181 54 428 407 386 168
88 330 447 80 38 423
5
113 491 52 294 407 486
211 272 101 328 388 326
6
258 346 35 386 478 417
16 322 456 272 432 209
7
487 72 217 47 314 246
355 432 132 153 122 29
0
206 355 153 282 34 421
315 402 103 110 136 157
1
109 309 311 336 168 44
67 225 257 386 268 287
2
464 230 382 312 410 290
328 2 347 319 501 129
3
21 250 32 222 346 507
418 339 446 100 239 78
4
127 352 174 102 293 150
483 165 163 480 154 293
5
408 270 142 454 491 371
193 106 332 303 406 304
6
331 117 433 274 487 307
143 386 58 249 455 257
7
476 223 34 158 89 23
436 491 499 396 242 363
0
127 217 331 84 492 235
508 359 306 336 441 431
1
429 92 190 417 208 353
219 341 332 168 93 167
2
129 94 75 390 331 189
388 74 170 314 482 87
3
347 458 103 322 23 166
92 139 164 158 165 80
4
47 201 413 151 393 411
188 245 422 337 63 119
5
297 167 428 117 46 83
333 131 506 365 314 223
6
271 154 231 437 28 321
31 242 66 141 333 418
7
499 480 253 283 480 28
19 195 70 113 469 150
0
229 228 309 302 446 372
407 403 218 190 257 470
1
308 65 345 349 187 389
270 206 106 244 334 249
2
400 382 153 147 452 115
182 442 377 451 258 382
3
327 213 271 11 57 440
450 39 158 455 415 209
4
19 48 283 311 305 310
76 192 114 220 207 223
5
162 345 488 41 253 401
228 106 443 508 494 302
6
503 421 390 87 474 182
344 256 180 430 130 281
7
15 466 253 306 169 504
279 477 230 412 186 342
0
457 88 259 433 175 139
301 352 18 205 191 47
1
61 60 275 19 251 38
278 340 151 421 32 239
2
18 450 375 320 146 241
304 361 205 57 81 464
3
58 135 416 361 483 177
24 23 344 334 109 11
4
375 332 406 321 155 186
262 164 12 277 331 455
5
200 288 154 240 170 369
259 468 349 310 490 249
6
405 98 404 191 208 201
245 238 504 370 119 481
7
460 361 145 208 463 115
75 220 114 141 257 275
0
288 365 348 464 333 7
134 442 374 329 314 28
1
320 396 168 449 424 413
118 423 268 169 406 238
2
421 148 502 366 255 125
395 493 111 222 287 243
3
34 397 200 288 410 405
75 441 351 195 448 472
4
505 381 294 284 401 8
505 409 158 215 77 20
5
251 46 65 140 143 41
145 425 308 386 22 266
6
416 99 449 468 449 115
216 237 78 170 397 229
7
428 227 276 87 272 272
443 242 75 22 3 10
0
356 203 435 73 217 86
406 303 213 292 359 344
1
51 292 206 383 386 231
81 231 80 80 237 350
2
57 375 167 83 368 246
417 397 29 0 137 47
3
65 130 279 297 334 433
254 183 268 441 507 394
4
245 215 171 227 71 396
297 307 219 399 458 57
5
302 16 243 28 437 198
20 407 138 269 183 84
6
143 389 234 9 304 101
155 64 411 175 11 114
7
503 476 270 90 239 458
102 52 336 112 303 255
0
388 200 361 484 47 447
25 291 426 409 188 261
1
48 122 233 237 108 272
398 485 150 295 207 214
2
153 106 10 256 378 187
260 136 436 401 495 105
3
345 429 310 337 181 20
66 179 377 95 506 345
4
399 60 94 78 299 490
239 258 376 24 278 433
5
318 38 131 365 190 216
369 308 111 332 472 241
6
231 201 498 28 160 484
44 49 79 289 394 123
7
97 80 232 362 107 245
254 259 181 306 420 119
0
164 191 427 447 201 240
147 255 181 261 295 451
1
322 178 185 252 215 186
175 158 152 149 376 342
2
283 276 371 62 61 480
22 186 456 268 502 266
3
181 364 456 142 91 52
484 349 46 344 96 284
4
202 17 462 464 414 373
114 253 232 279 177 56
5
111 302 285 304 491 483
316 139 37 260 454 223
6
249 212 216 300 253 346
63 452 227 361 487 424
7
448 228 173 84 155 442
120 128 129 127 341 487
0
49 500 26 398 413 110
196 473 104 65 125 440
1
55 502 194 203 178 209
453 138 480 198 158 153
2
20 393 101 394 317 382
444 260 282 253 295 508
3
113 381 204 228 497 174
38 19 495 362 198 399
4
331 362 283 204 433 60
35 272 114 434 134 104
5
450 452 162 184 134 412
98 215 275 392 468 349
6
150 39 30 309 449 21
111 202 380 353 4 286
7
323 114 461 480 81 368
128 262 285 8 67 472
0
13 223 468 247 486 204
52 383 345 479 417 307
1
407 83 201 112 55 416
392 359 239 262 453 104
2
240 420 204 345 208 380
173 301 466 233 375 325
3
208 115 234 78 375 132
30 475 97 86 229 41
4
246 207 303 172 319 182
401 294 98 253 242 356
5
250 411 36 47 310 391
258 323 367 338 293 240
6
410 473 69 70 300 185
200 94 234 236 223 158
7
279 184 387 37 178 70
164 221 286 71 202 329
0
345 56 129 82 338 302
362 224 7 328 334 190
1
352 467 73 39 460 312
446 67 338 274 408 405
2
431 438 391 51 321 157
23 112 98 457 256 50
3
384 456 46 332 114 336
323 173 288 306 96 207
4
483 381 303 143 153 46
477 268 44 223 331 112
5
285 158 288 262 19 357
264 284 7 23 143 44
6
318 310 406 39 236 84
439 355 148 306 401 2
7
213 453 99 270 147 104
62 432 336 442 427 405
0
288 471 197 72 125 358
134 357 279 288 500 414
1
179 261 446 177 346 147
452 144 349 108 321 334
2
284 418 49 490 104 389
327 173 384 296 470 8
3
257 175 74 47 75 62
212 83 362 419 145 49
4
404 126 270 350 160 233
320 29 25 302 321 85
5
494 476 204 321 155 497
28 472 466 300 70 378
6
176 165 272 348 270 426
196 468 424 316 445 287
7
210 155 408 101 269 399
220 65 282 152 152 15
0
81 479 298 89 30 149
324 389 174 356 120 87
1
387 76 340 22 322 99
24 431 90 508 175 207
2
135 235 267 188 115 349
5 112 217 183 273 174
3
193 54 491 453 401 390
384 312 229 267 493 3
4
495 269 382 54 151 214
12 449 342 431 326 119
5
246 117 502 317 508 336
344 299 315 2 446 29
6
78 426 127 298 352 368
240 409 155 396 470 477
7
84 446 405 293 193 241
142 2 282 367 144 437
0
30 248 435 204 362 149
120 483 213 307 430 87
1
128 265 17 253 417 109
132 338 107 251 168 67
2
95 321 152 487 362 272
109 90 317 5 392 177
3
166 114 409 49 18 457
384 326 139 66 112 119
4
216 137 404 46 215 42
181 457 331 353 352 21
5
69 329 264 242 317 422
12 66 408 123 484 88
6
12 180 429 204 91 458
91 121 97 373 270 189
7
240 315 352 397 42 7
423 115 6 306 335 366
0
178 291 250 434 465 281
203 146 491 209 333 106
1
241 425 321 412 351 276
467 225 145 349 264 359
2
116 462 78 106 404 136
331 149 499 474 146 72
3
249 442 150 6 214 455
305 327 499 341 220 175
4
112 341 59 209 507 195
395 117 372 327 335 74
5
480 267 127 147 498 234
349 356 351 453 298 143
6
243 92 129 465 95 372
14 470 3 102 116 100
7
11 424 500 282 9 70
197 434 476 358 177 298
0
107 237 466 230 279 143
428 439 337 411 98 63
1
430 312 205 272 323 395
256 405 498 214 167 328
2
358 489 180 161 141 276
29 194 334 353 173 358
3
78 258 494 253 41 230
422 119 496 222 397 322
4
332 381 240 298 346 168
146 365 0 208 366 376
5
324 196 264 292 284 204
357 209 39 180 327 71
6
453 116 190 467 43 50
303 306 433 143 132 202
7
80 182 75 355 430 458
312 411 450 60 304 380
0
294 253 29 375 152 150
158 503 116 482 99 91
1
25 461 278 147 142 262
188 111 159 334 332 466
2
208 410 262 105 291 37
312 293 49 67 331 301
3
350 508 20 236 375 299
222 266 30 214 129 223
4
56 260 234 113 389 165
224 384 358 64 409 375
5
379 407 285 473 456 151
380 97 466 176 18 55
6
495 9 347 46 207 367
101 477 144 479 113 508
7
501 319 110 492 471 125
102 168 262 54 219 442
0
228 368 53 304 393 362
403 454 212 198 45 430
1
443 472 371 348 357 188
281 128 205 133 434 364
2
7 47 81 439 397 436
226 353 306 246 399 259
3
3 232 365 218 366 333
255 273 349 401 400 380
4
180 189 103 93 222 277
124 161 489 468 379 90
5
468 303 462 184 192 461
212 440 446 54 271 502
6
478 372 57 297 5 336
78 301 375 137 335 114
7
242 113 173 149 446 498
21 230 54 330 481 10
0
129 237 101 440 198 64
7 439 404 233 283 256
1
403 183 115 337 423 99
475 425 416 263 275 207
2
355 190 292 376 249 369
403 302 87 209 46 44
3
416 30 73 278 127 498
431 337 358 211 163 407
4
456 323 51 284 368 53
401 4 437 157 454 106
5
351 232 90 181 87 211
338 164 505 107 245 141
6
161 146 394 105 447 480
505 53 9 424 304 370
7
22 175 360 185 183 433
1 17 120 332 425 270
0
105 362 267 196 143 79
420 430 50 275 63 316
1
21 276 131 169 224 11
312 359 30 419 299 474
2
271 325 18 478 286 176
314 1 336 437 89 267
3
354 301 437 102 358 5
221 11 313 361 272 349
4
341 81 445 492 298 74
79 324 106 290 321 205
5
411 493 361 3 508 59
365 461 295 4 437 429
6
499 470 69 267 443 42
190 486 18 414 269 336
7
312 485 399 486 128 362
133 160 464 434 398 115
0
501 505 389 358 463 359
477 493 29 414 325 418
1
442 344 333 445 404 202
328 381 145 437 244 391
2
506 348 343 196 89 301
121 6 397 268 168 249
3
308 267 347 97 239 478
309 474 374 406 36 499
4
425 130 148 211 390 489
387 29 146 5 68 429
5
89 100 299 271 393 8
288 355 267 409 21 207
6
476 167 127 228 316 98
400 290 53 32 153 136
7
145 10 236 262 138 163
315 358 323 281 262 361
0
271 327 184 307 5 103
66 290 227 210 20 412
1
307 44 492 131 207 356
118 287 402 30 148 346
2
396 143 234 342 429 21
87 448 58 82 403 418
3
217 271 198 303 131 249
379 255 486 388 168 357
4
38 349 335 353 488 302
152 331 322 390 290 376
5
471 401 349 73 344 307
10 84 212 17 164 148
6
204 64 53 233 422 365
195 272 240 379 400 355
7
287 179 87 447 38 472
277 306 471 219 65 54
0
398 468 367 154 402 17
65 345 450 107 81 68
1
29 387 451 138 332 191
503 24 214 304 401 215
2
407 87 218 106 192 201
137 213 99 220 346 115
3
464 215 52 255 455 152
359 358 71 505 73 356
4
238 42 122 128 91 304
247 217 488 3 2 198
5
63 196 109 497 58 129
37 181 255 105 428 407
6
135 80 177 367 334 87
412 152 357 468 298 399
7
89 486 170 301 86 355
360 192 143 474 394 228
0
123 400 8 142 49 255
492 73 32 59 196 2
1
463 71 83 219 442 167
474 451 359 477 328 484
2
271 161 236 322 127 471
279 69 60 263 306 286
3
161 159 439 441 390 202
407 214 475 59 103 352
4
351 310 45 280 385 281
80 192 416 132 488 210
5
336 140 376 367 331 191
38 260 464 177 351 54
6
239 67 303 355 400 73
49 230 379 309 183 494
7
92 34 97 308 293 116
7 325 394 298 297 347
0
273 486 300 7 270 505
74 417 182 28 62 493
1
273 352 391 121 242 494
452 446 240 487 425 392
2
478 424 144 134 134 286
17 272 119 56 56 163
3
186 144 331 114 49 328
284 151 425 170 374 490
4
379 133 14 455 196 500
133 23 238 217 25 473
5
61 105 49 20 421 41
185 229 128 294 73 110
6
247 25 313 425 108 477
487 28 330 391 501 438
7
78 229 328 192 272 336
320 160 218 383 116 230
0
2 351 354 504 140 51
8 386 398 489 51 204
1
164 410 505 390 16 182
403 302 377 159 48 196
2
68 368 113 364 293 229
441 477 369 427 424 493
3
496 479 70 171 75 173
375 451 6 209 262 101
4
203 409 20 40 456 320
120 249 263 440 250 398
5
485 29 430 359 454 84
225 451 472 247 425 329
6
442 223 478 450 172 157
233 479 459 270 128 211
7
361 443 264 78 127 336
383 150 341 3 97 20
0
162 487 115 297 242 401
139 421 460 170 459 77
1
498 85 326 335 106 357
35 103 84 256 34 434
2
321 500 284 474 67 476
268 257 70 437 249 9
3
266 135 151 218 439 450
51 5 127 478 376 337
4
125 501 496 264 316 102
477 101 225 90 426 298
5
398 83 45 155 330 502
357 448 86 396 414 338
6
375 351 58 408 467 470
293 71 475 278 161 167
7
146 103 14 480 9 267
319 197 27 117 144 405
0
353 276 60 356 324 76
394 86 240 406 278 304
1
64 367 465 373 244 124
72 177 222 489 171 358
2
359 182 354 287 362 275
484 266 186 127 506 400
3
439 79 149 368 490 257
162 163 413 141 208 159
4
311 468 328 116 233 220
31 97 199 150 9 110
5
460 290 157 470 401 239
347 426 77 368 249 485
6
162 33 440 182 134 317
388 297 78 71 499 71
7
360 86 356 299 261 177
170 246 35 261 389 378
0
87 282 218 212 336 270
348 110 363 339 326 62
1
435 263 23 451 400 47
263 443 1 214 442 242
2
177 228 431 43 69 499
340 271 189 419 257 126
3
150 293 105 25 169 447
375 444 137 252 483 365
4
474 302 73 413 408 401
477 190 111 120 110 150
5
364 392 150 6 221 296
284 144 227 360 276 79
6
430 429 404 205 484 409
160 158 479 219 130 118
7
418 264 54 458 138 508
45 43 149 115 478 474
0
164 477 107 417 306 71
147 381 428 141 206 284
1
504 459 475 395 422 83
198 123 430 328 264 359
2
352 62 284 384 389 281
494 508 150 321 376 404
3
184 304 32 45 454 475
170 63 308 34 47 130
4
186 302 138 52 144 188
101 26 49 342 111 357
5
409 477 417 51 383 271
307 343 76 479 98 138
6
261 383 427 486 237 331
43 413 221 366 58 143
7
459 355 396 492 198 379
123 359 451 431 39 163
0
69 397 406 112 129 149
276 61 97 448 7 87
1
227 107 54 18 224 260
449 88 252 103 299 168
2
183 414 495 82 292 292
72 12 252 290 208 208
3
433 397 144 207 397 302
210 416 280 334 416 175
4
280 107 310 440 11 484
342 428 192 103 473 409
5
291 464 2 300 116 444
312 357 297 326 44 303
6
281 389 35 489 254 396
221 354 113 450 497 422
7
22 35 152 117 463 53
326 414 9 366 503 289
0
354 490 187 253 429 435
398 433 239 503 189 213
1
2 335 157 165 341 60
258 256 63 128 241 340
2
103 131 131 133 133 336
57 479 479 319 319 237
3
408 60 54 186 20 209
87 459 446 456 6 189
4
405 466 398 265 279 185
382 136 455 175 224 3
5
258 333 286 77 39 480
477 145 195 54 377 59
6
199 495 432 309 436 378
61 66 461 172 467 343
7
379 52 71 169 406 18
154 143 250 327 468 377
0
117 4 27 72 315 402
468 16 108 288 242 81
1
484 497 365 484 242 422
321 115 418 321 425 264
2
229 72 46 252 221 186
320 2 423 318 223 120
3
10 253 455 62 232 337
497 153 376 478 416 7
4
96 500 280 499 497 334
384 253 156 467 463 484
5
349 114 113 292 238 355
471 184 388 231 280 227
6
113 400 397 85 106 5
293 127 87 500 285 484
7
416 8 315 294 232 379
486 373 224 254 300 22
0
388 494 246 157 498 163
25 449 475 119 465 143
1
103 333 384 62 186 219
360 145 46 21 342 477
2
473 299 118 81 40 467
451 295 318 382 271 437
3
397 320 439 255 254 450
485 125 318 370 139 419
4
224 357 447 304 47 69
210 122 38 198 498 145
5
445 376 86 452 437 151
395 432 214 398 38 279
6
276 394 430 170 354 496
103 314 354 138 90 44
7
124 308 281 396 342 46
450 204 206 150 151 114
0
437 205 274 137 75 295
221 311 78 39 300 162
1
311 116 497 134 267 136
257 489 115 191 84 20
2
323 19 227 280 268 71
1 271 256 25 91 147
3
346 466 458 412 4 136
2 437 140 414 490 240
4
79 117 431 365 392 373
316 468 131 450 41 23
5
8 239 374 498 187 92
439 92 99 41 55 143
6
397 57 406 347 173 254
290 57 417 507 250 276
7
326 26 451 41 73 456
450 485 64 272 404 434
0
219 136 218 259 399 281
367 35 363 18 69 106
1
247 37 166 455 20 161
43 381 304 257 351 376
2
374 23 194 409 52 384
100 375 183 45 181 455
3
198 42 265 170 249 201
42 123 149 147 30 145
4
189 191 212 184 61 283
119 248 316 234 395 114
5
461 366 118 435 244 132
85 330 259 201 138 501
6
408 243 204 269 501 266
262 467 118 324 279 242
7
481 483 102 194 292 449
77 6 341 377 478 345
0
432 290 307 352 504 453
201 142 210 390 489 285
1
333 320 58 496 423 397
145 118 295 300 275 247
2
180 165 15 337 144 19
316 282 11 69 233 23
3
297 303 407 228 111 211
148 299 483 113 269 502
4
93 468 307 63 104 9
288 449 505 293 110 495
5
212 446 446 58 412 425
267 145 349 14 349 110
6
55 20 502 344 469 352
74 233 80 143 323 270
7
364 233 467 177 473 113
353 338 490 103 134 359
0
384 244 118 434 345 492
9 467 472 209 362 441
1
505 474 414 391 124 72
377 503 130 240 358 475
2
459 132 220 495 486 24
341 444 39 20 116 20
3
282 470 433 351 218 60
164 488 63 473 473 227
4
295 382 424 279 78 182
454 310 24 114 107 461
5
164 430 504 282 355 337
129 0 198 44 162 60
6
453 191 216 25 206 481
348 399 165 451 33 299
7
49 198 296 368 438 412
270 116 4 484 68 325
0
320 243 372 123 267 168
262 463 470 492 50 163
1
303 478 159 115 288 483
429 51 111 416 7 385
2
195 276 456 126 324 372
436 330 349 202 63 333
3
27 232 435 300 280 85
339 229 54 113 470 488
4
80 28 323 434 475 5
245 112 31 98 332 490
5
137 337 262 408 454 286
122 186 34 30 423 50
6
285 273 90 454 35 360
216 419 185 441 377 122
7
25 106 449 210 117 468
190 337 127 266 435 69
0
504 66 373 177 281 394
489 264 474 199 106 49
1
155 194 332 275 20 103
444 480 401 151 351 360
2
435 198 214 401 19 195
149 285 292 242 60 152
3
224 477 281 308 209 237
134 173 93 116 105 93
4
80 114 281 222 437 182
320 456 7 379 65 474
5
425 170 466 209 43 24
125 247 202 153 304 250
6
168 368 46 500 113 337
321 302 183 139 86 282
7
180 165 359 110 261 249
30 105 123 317 20 98
0
205 8 193 197 144 91
311 32 263 279 67 364
1
447 240 228 264 304 406
488 310 7 50 11 149
2
263 358 303 180 204 430
51 377 19 76 367 386
3
296 413 130 9 86 67
455 482 483 234 198 359
4
88 485 55 257 449 424
319 16 422 177 269 230
5
321 162 392 220 395 432
56 293 168 65 328 75
6
129 481 426 365 37 286
326 47 259 419 133 90
7
48 395 317 284 14 364
48 286 55 90 151 395
0
175 332 353 435 268 120
191 310 394 213 54 480
1
187 489 335 261 117 437
334 158 256 144 365 34
2
354 45 459 233 191 200
181 152 455 135 306 134
3
431 500 405 313 65 200
144 418 434 134 163 150
4
425 487 183 151 463 258
408 117 298 369 325 243
5
282 374 352 64 88 313
335 193 31 65 2 400
6
327 125 274 282 258 43
173 460 249 490 10 80
7
307 127 164 299 5 291
102 434 91 42 160 443
0
321 222 72 485 483 488
266 379 288 413 405 425
1
90 83 215 184 106 227
107 359 376 54 34 449
2
482 130 59 89 172 79
378 507 205 453 217 107
3
365 382 209 282 396 381
454 390 141 139 124 198
4
72 94 276 112 437 255
288 376 431 82 60 184
5
132 443 57 430 142 235
199 362 40 189 41 207
6
52 49 264 169 447 112
389 27 324 114 77 292
7
499 438 488 461 278 53
308 458 154 182 317 478
0
325 186 63 338 207 391
282 235 252 334 319 37
1
173 294 240 379 44 239
123 133 310 54 287 403
2
226 410 85 158 501 380
243 166 279 249 162 483
3
313 427 81 299 379 475
382 423 344 157 70 123
4
11 476 21 169 189 454
44 431 232 187 3 311
5
201 17 45 483 393 43
426 214 79 463 157 339
6
355 454 373 97 166 126
102 463 382 95 400 393
7
2 503 321 402 367 475
271 49 192 338 110 63
0
246 248 384 37 85 204
475 483 9 148 340 307
1
225 343 249 102 351 441
130 205 341 117 264 164
2
52 260 469 59 427 253
490 190 29 139 423 189
3
121 303 317 66 30 209
105 235 56 91 404 353
4
24 215 371 158 24 83
96 160 178 123 287 111
5
69 38 436 369 164 207
18 322 171 199 434 467
6
483 297 274 350 149 7
111 368 347 474 72 261
7
208 315 490 158 72 267
107 485 173 480 314 232
0
458 134 84 160 340 7
305 27 336 131 342 28
1
102 189 493 104 269 342
117 391 461 383 199 25
2
305 457 262 16 222 479
255 461 0 359 330 71
3
494 48 104 506 231 276
454 116 35 233 397 448
4
97 121 465 303 407 341
388 484 171 232 101 470
5
170 274 203 380 262 407
179 316 198 451 385 392
6
115 51 390 443 325 215
220 249 22 135 83 170
7
271 376 247 71 82 135
80 123 329 177 86 89
0
327 223 218 155 79 240
290 383 363 111 316 451
1
63 213 140 211 50 159
160 170 260 404 386 111
2
252 479 411 339 352 369
446 20 244 243 327 28
3
497 410 141 240 187 234
439 437 366 234 117 111
4
299 355 189 284 99 332
487 236 342 133 120 333
5
477 117 69 475 31 169
380 255 285 358 87 151
6
113 78 402 89 496 453
225 165 82 474 137 100
7
438 305 146 431 208 81
484 151 499 415 103 244
0
383 506 208 379 10 107
5 497 323 498 40 428
1
289 5 454 355 50 448
444 311 56 431 386 231
2
352 95 197 155 18 295
394 488 300 115 308 315
3
351 294 258 282 155 118
385 267 299 102 240 59
4
344 163 193 487 404 211
177 173 281 278 89 102
5
244 170 49 391 427 61
368 356 101 193 58 351
6
154 435 136 341 213 74
256 361 388 34 442 174
7
165 121 262 66 81 352
508 232 204 377 46 33
0
493 456 298 442 393 146
445 297 174 241 45 75
1
398 61 405 33 28 378
453 278 126 357 119 479
2
347 239 136 5 203 368
353 477 12 64 465 485
3
182 19 493 414 250 290
271 448 350 32 232 206
4
331 139 35 500 2 20
486 437 140 112 337 51
5
226 105 305 234 476 427
397 253 14 397 3 170
6
389 308 115 101 146 298
420 501 397 313 160 254
7
213 269 210 450 381 154
422 469 247 468 341 383
0
338 49 186 118 423 107
334 196 235 472 165 428
1
334 116 116 319 261 70
238 489 489 177 144 310
2
304 63 280 463 165 487
479 61 100 163 444 119
3
271 231 254 244 124 14
450 92 176 490 217 506
4
331 394 111 449 462 440
86 495 218 260 308 255
5
325 433 294 468 470 305
358 70 238 422 235 151
6
162 471 138 143 337 142
312 34 466 99 481 358
7
74 256 106 310 34 7
343 0 163 356 40 447
0
19 391 199 444 79 228
76 37 287 249 316 403
1
44 23 437 211 332 321
287 1 34 404 401 145
2
138 376 166 487 21 269
42 260 162 267 104 189
3
401 499 227 357 463 180
11 217 302 163 456 184
4
39 115 412 404 290 236
156 460 454 484 256 102
5
288 36 173 203 84 91
7 333 123 198 57 346
6
110 385 277 489 339 14
503 287 337 42 118 122
7
317 46 133 123 63 451
373 382 124 149 490 270
0
468 249 438 485 169 252
345 487 225 413 167 499
1
352 35 497 373 161 322
446 6 115 489 376 175
2
474 469 194 220 113 507
150 367 469 405 302 283
3
10 458 15 102 162 490
33 489 7 25 443 2
4
124 262 37 433 423 150
409 401 261 34 165 374
5
97 315 386 479 370 271
160 414 333 180 99 177
6
197 80 100 411 26 439
267 109 73 15 378 433
7
400 204 273 442 448 240
376 269 417 208 204 259
0
87 232 278 355 314 195
348 419 94 402 238 271
1
126 377 199 207 436 44
429 296 309 148 171 287
2
321 24 482 330 210 174
368 328 93 449 452 176
3
162 143 488 477 10 174
299 333 197 273 420 305
4
406 390 45 177 40 256
240 197 312 278 1 156
5
430 246 45 131 216 4
450 307 169 276 189 201
6
107 197 237 64 336 260
141 78 108 84 315 107
7
386 137 8 51 46 75
7 496 26 446 108 499
0
15 187 71 348 45 443
60 239 284 374 180 245
1
40 173 467 462 412 365
460 123 67 267 349 418
2
237 292 227 4 232 460
170 149 168 320 171 157
3
400 303 25 41 189 103
239 117 79 13 57 133
4
46 423 192 153 473 65
184 316 220 142 315 159
5
166 98 263 462 338 268
304 345 138 171 463 222
6
319 238 277 246 139 445
156 0 361 65 94 477
7
416 451 260 126 459 347
33 474 37 297 185 7
0
195 324 100 5 131 441
271 278 400 20 15 237
1
188 197 302 9 69 288
364 104 361 179 401 7
2
221 425 373 112 165 209
373 468 31 256 71 26
3
253 427 330 168 251 158
438 294 282 106 385 368
4
245 304 82 252 146 385
308 40 491 499 233 13
5
327 205 354 258 345 13
221 151 496 130 259 411
6
404 196 41 392 195 43
283 240 396 119 353 70
7
2 233 140 240 78 345
253 397 85 370 237 29
0
375 102 227 192 176 117
482 408 399 259 195 468
1
382 318 132 275 503 133
394 294 213 151 248 45
2
338 301 146 301 259 406
115 432 74 432 458 19
3
197 456 185 17 408 261
260 210 115 391 394 114
4
239 337 439 376 378 315
447 308 127 486 494 366
5
52 391 173 165 390 304
496 104 156 90 54 371
6
348 357 279 11 366 435
485 259 54 358 498 67
7
345 343 186 456 219 440
76 183 149 378 228 469
0
315 334 165 330 486 460
242 318 151 302 417 313
1
63 178 421 262 430 224
160 158 45 466 256 299
2
193 176 82 36 253 501
152 240 85 90 74 412
3
441 135 491 147 60 363
88 119 224 179 44 353
4
128 154 121 177 261 61
445 74 491 176 451 444
5
352 446 93 280 451 399
265 146 502 84 91 357
6
460 410 101 505 279 415
454 459 225 446 161 35
7
322 269 27 218 298 367
371 180 131 370 54 467
0
27 94 299 308 164 419
108 376 178 214 147 149
1
183 231 330 88 500 216
425 350 57 464 330 11
2
57 320 495 4 114 102
416 48 124 494 379 253
3
434 115 365 165 46 93
368 55 250 439 80 417
4
180 258 372 136 367 202
167 445 300 157 450 469
5
118 181 327 227 109 194
94 345 313 86 346 201
6
135 45 481 226 456 228
85 32 206 68 333 430
7
433 505 198 354 217 370
425 78 433 24 256 386
0
498 28 9 455 35 18
465 112 36 293 140 72
1
151 245 384 361 129 102
269 459 46 275 58 117
2
365 148 52 86 121 409
274 382 153 320 99 141
3
226 144 170 371 255 324
397 79 37 460 53 483
4
307 486 384 331 393 475
210 262 9 368 127 384
5
361 2 35 154 129 16
275 149 6 19 226 48
6
235 119 205 419 94 70
465 478 476 220 28 146
7
387 470 71 243 98 454
144 423 105 83 190 84
0
88 358 218 409 380 508
352 414 363 109 502 505
1
53 16 100 55 111 376
418 48 268 453 56 464
2
128 355 304 168 295 149
142 71 51 31 192 101
3
139 268 310 4 23 102
55 440 291 453 104 34
4
153 45 273 257 204 294
504 288 5 10 376 158
5
22 183 45 200 59 423
374 167 79 37 341 425
6
263 188 377 164 278 243
415 87 448 207 75 455
7
254 213 256 136 266 96
336 4 41 324 347 327
0
47 478 357 182 461 132
188 385 410 219 317 19
1
67 367 313 376 290 307
181 177 300 464 32 118
2
422 159 427 217 236 381
227 137 218 102 253 450
3
163 141 4 377 481 185
217 376 155 338 371 52
4
385 296 196 382 285 244
333 114 364 424 219 99
5
91 480 99 311 92 450
485 233 254 454 100 61
6
224 263 257 156 262 127
502 260 162 277 86 441
7
405 105 406 460 204 206
298 46 73 139 65 263
0
416 213 410 316 481 17
137 343 113 246 397 68
1
47 289 281 105 147 186
242 444 502 265 334 342
2
443 473 24 195 107 310
207 295 261 56 414 492
3
9 462 384 102 482 369
375 384 179 276 440 117
4
344 255 450 344 296 201
215 2 119 358 214 35
5
229 203 437 7 83 316
281 198 34 349 49 325
6
239 308 490 306 23 95
164 133 97 46 195 150
7
137 370 170 460 272 460
33 508 481 195 480 293
0
288 170 210 27 105 40
134 171 331 108 420 160
1
472 451 435 52 508 3
128 214 263 101 505 4
2
110 216 378 142 62 57
426 207 482 207 79 199
3
504 306 291 477 131 51
89 257 496 233 120 505
4
51 348 258 137 282 166
204 163 431 160 110 337
5
466 100 165 137 201 26
155 283 128 437 259 235
6
228 280 38 297 307 77
507 212 149 78 19 367
7
101 371 441 349 127 295
284 340 285 78 79 35
0
282 87 152 142 274 377
110 348 99 59 78 490
1
442 449 325 368 35 276
328 169 455 303 6 359
2
45 152 303 271 189 297
444 161 331 73 26 370
3
40 362 68 206 30 16
230 328 415 167 339 386
4
389 278 50 197 45 406
194 375 347 360 15 97
5
381 499 34 264 13 6
54 482 299 50 312 125
6
275 54 476 32 269 338
109 368 434 121 461 471
7
401 382 180 496 152 275
289 85 271 134 276 323
0
459 251 97 130 120 171
309 495 388 11 480 175
1
111 143 320 54 217 115
56 22 118 252 278 416
2
222 206 441 19 106 261
393 21 285 219 134 268
3
412 214 102 368 217 351
488 421 5 148 190 480
4
473 245 382 415 303 330
137 20 458 100 306 445
5
182 257 435 336 459 131
497 360 263 374 82 291
6
84 459 504 393 15 179
473 116 46 493 335 414
7
233 299 346 151 328 465
114 376 241 355 217 379
0
8 479 503 322 422 41
32 389 485 270 161 164
1
449 2 490 158 316 76
169 258 88 245 105 431
2
494 348 213 496 294 269
333 9 85 432 128 338
3
381 160 78 263 477 344
31 37 494 146 130 339
4
425 322 59 172 154 187
316 102 349 194 275 477
5
87 150 436 142 487 279
60 288 171 446 28 401
6
135 183 42 465 39 175
272 243 470 423 227 484
7
14 171 61 404 481 153
13 490 497 374 390 8
0
460 17 495 397 284 176
313 68 453 61 118 195
1
198 138 342 433 377 488
252 304 25 78 296 197
2
168 216 294 209 364 337
14 125 404 354 227 444
3
192 226 220 221 315 80
427 295 360 218 336 158
4
453 460 79 477 435 410
420 263 163 357 238 180
5
144 409 213 256 252 415
91 10 150 243 184 294
6
492 367 292 227 477 120
263 165 372 236 491 128
7
155 51 116 94 128 467
323 164 407 440 201 267
0
7 212 326 69 448 161
28 339 286 276 265 135
1
428 311 301 188 85 121
296 257 416 364 103 487
2
12 507 154 150 365 46
394 321 317 126 275 100
3
255 303 34 358 107 418
175 26 72 481 198 402
4
266 34 471 438 434 22
311 136 152 221 213 28
5
276 338 76 133 164 348
90 370 453 102 365 454
6
288 305 189 418 260 22
93 44 187 213 29 155
7
308 496 494 507 197 424
92 490 176 412 284 190
0
396 226 495 190 19 422
57 395 453 251 76 161
1
15 269 439 146 371 390
117 199 199 24 205 159
2
194 278 43 428 204 185
205 399 160 314 219 489
3
400 174 183 420 501 65
147 460 136 399 183 444
4
21 125 261 78 177 342
84 453 399 411 283 350
5
204 484 280 501 305 38
229 103 63 376 76 490
6
215 163 279 176 228 343
25 484 253 92 140 386
7
379 106 88 368 444 131
397 319 111 303 107 225
0
380 299 355 282 371 90
502 178 402 110 466 360
1
419 275 432 481 337 42
402 151 75 390 263 442
2
488 61 4 137 154 339
34 221 118 32 20 376
3
89 201 43 370 85 429
462 316 172 8 439 271
4
396 191 270 173 335 196
343 255 497 280 322 475
5
414 109 29 281 388 390
130 239 223 502 67 222
6
454 41 6 7 401 494
241 370 288 432 282 263
7
375 167 179 389 277 223
82 311 42 247 411 240
0
404 325 392 205 395 60
89 282 41 311 53 240
1
186 128 161 376 378 55
342 132 376 464 479 453
2
424 180 428 5 108 246
135 117 378 424 320 488
3
267 318 352 451 485 103
207 254 459 347 19 353
4
97 12 139 66 166 383
303 102 5 337 155 5
5
364 122 113 347 271 37
320 27 311 248 172 427
6
227 505 458 100 67 210
386 438 136 12 117 491
7
106 389 280 273 58 27
21 174 295 3 29 494
0
158 505 165 104 76 316
123 493 151 416 304 246
1
203 229 293 424 506 266
198 169 498 406 505 222
2
508 459 478 229 201 320
181 36 26 46 120 237
3
59 53 104 347 196 66
161 219 300 468 153 156
4
265 472 37 328 311 83
323 481 376 277 243 212
5
113 239 60 183 35 18
255 207 340 399 266 405
6
217 111 67 247 378 336
107 240 378 309 7 476
7
90 109 168 403 58 164
405 60 14 392 92 504
0
239 288 460 455 131 461
447 134 313 293 15 317
1
163 266 265 221 35 237
188 222 338 502 6 295
2
50 131 194 467 68 97
221 9 288 184 210 503
3
161 352 227 54 204 172
120 39 198 313 59 227
4
455 302 33 87 206 36
380 433 186 467 411 54
5
141 305 122 48 41 108
387 421 4 194 191 121
6
486 268 339 282 85 161
279 383 10 405 495 169
7
324 429 89 133 400 303
235 298 190 310 201 444
0
353 100 437 99 160 508
394 400 221 396 131 505
1
213 291 87 188 280 374
170 312 245 364 340 193
2
180 35 85 93 311 327
76 500 377 211 1 493
3
271 218 217 48 224 431
67 446 251 439 285 349
4
462 77 52 493 489 222
420 308 378 414 429 141
5
57 456 69 374 35 101
364 169 111 193 230 294
6
286 121 323 490 442 438
454 378 54 246 99 358
7
194 88 181 82 394 402
168 494 136 129 445 381
0
183 251 241 334 344 312
223 495 455 318 358 230
1
383 287 188 259 244 320
80 60 364 90 171 118
2
172 238 408 343 145 216
172 125 484 484 265 427
3
143 196 313 367 215 48
494 395 114 360 316 105
4
15 404 227 17 507 67
60 211 239 278 398 199
5
191 320 377 348 379 328
215 453 45 307 287 211
6
28 363 357 266 502 294
448 144 387 197 133 244
7
359 335 497 139 425 430
474 285 409 216 452 116
0
31 192 391 114 107 444
124 259 37 456 428 249
1
26 185 443 79 109 425
124 152 281 253 67 225
2
108 402 282 129 15 504
342 458 374 399 21 17
3
25 30 152 21 203 429
472 111 247 61 329 358
4
113 274 66 304 127 225
405 426 325 119 146 470
5
340 143 428 28 472 213
398 432 87 218 398 310
6
291 121 48 183 440 391
451 458 386 235 120 22
7
236 445 392 427 186 81
456 401 308 448 22 418
0
182 118 109 217 433 457
219 472 436 359 205 301
1
60 55 267 470 190 64
340 453 84 235 332 72
2
94 96 447 222 358 45
194 7 458 364 419 374
3
460 55 284 351 395 282
385 474 224 465 100 436
4
256 29 274 70 23 15
274 110 342 280 325 319
5
150 58 47 335 265 376
120 295 371 142 351 69
6
130 268 78 288 34 452
133 45 235 404 344 103
7
410 342 268 469 463 79
492 6 192 221 230 287
0
124 445 464 171 202 110
496 253 329 175 299 440
1
155 278 210 108 239 441
444 159 290 207 403 164
2
148 379 232 33 163 199
317 507 258 299 267 342
3
24 322 45 240 323 479
261 506 42 300 285 415
4
191 472 256 88 230 124
152 13 450 494 437 335
5
96 371 140 292 445 487
83 88 448 196 80 1
6
402 283 264 162 207 311
439 77 115 35 391 90
7
292 474 196 458 132 392
165 81 223 6 77 348
0
8 18 160 262 209 199
32 72 131 30 327 287
1
29 406 86 168 12 296
503 149 234 268 394 339
2
74 80 250 367 126 502
435 31 418 269 364 6
3
161 294 92 446 379 19
410 424 446 241 216 469
4
445 4 70 18 432 46
321 30 256 124 201 74
5
50 36 35 45 214 484
373 346 6 79 323 457
6
293 62 415 473 357 406
507 189 314 357 82 414
7
163 342 507 53 362 12
176 98 453 389 397 121
0
321 97 30 300 498 38
266 388 120 182 465 152
1
125 255 7 157 455 499
463 261 371 63 257 346
2
441 288 20 349 60 164
447 403 501 195 104 198
3
417 32 183 203 315 251
330 142 279 70 285 34
4
173 302 372 267 283 391
183 155 381 85 203 37
5
250 291 338 362 201 265
200 499 308 175 239 16
6
403 495 48 178 237 285
92 502 111 215 487 84
7
173 157 23 157 34 473
356 52 42 257 145 155
0
158 208 263 468 210 64
123 323 34 345 331 256
1
161 281 372 166 372 363
376 502 450 304 450 485
2
165 394 56 200 65 434
176 168 40 502 483 87
3
236 358 155 504 246 155
207 115 375 502 356 375
4
502 199 294 183 264 324
162 287 128 334 98 456
5
419 310 500 268 172 55
351 200 381 42 246 453
6
456 487 137 115 201 194
283 485 471 503 406 482
7
205 365 317 204 169 264
428 288 241 284 239 349
0
501 22 357 143 260 397
477 88 410 63 22 61
1
168 10 234 469 438 238
268 163 358 49 58 99
2
68 52 442 129 271 363
74 297 248 103 487 469
3
382 356 449 481 334 145
348 25 144 465 434 329
4
478 505 416 398 387 365
272 375 119 83 112 73
5
297 14 346 432 91 167
333 484 321 75 340 484
6
488 289 450 3 416 13
484 285 61 454 13 124
7
89 107 30 416 501 332
232 365 173 235 325 379
0
281 25 236 437 96 231
106 100 435 221 384 415
1
143 190 407 231 22 341
22 332 392 350 508 241
2
417 481 352 434 420 369
98 507 156 257 22 138
3
447 35 159 27 97 8
76 341 210 228 479 276
4
28 115 135 53 467 389
112 398 11 294 263 107
5
389 441 319 295 167 162
148 5 8 209 331 142
6
51 384 369 267 225 133
117 202 25 155 312 106
7
91 241 255 79 142 157
197 52 389 139 80 448
0
497 427 287 197 77 247
461 181 130 279 308 479
1
41 157 54 462 81 134
488 63 252 267 213 191
2
122 466 265 154 342 415
96 109 95 475 21 264
3
333 444 126 485 437 153
448 238 175 407 90 481
4
472 349 332 262 169 462
58 291 310 117 460 331
5
242 23 252 113 504 235
377 239 149 427 198 252
6
446 361 373 443 393 425
404 10 122 262 402 181
7
404 231 38 52 484 348
281 42 78 22 21 410
0
151 389 224 306 54 217
95 29 387 206 216 359
1
279 188 39 482 248 295
383 364 274 86 365 50
2
278 414 208 411 467 492
323 165 178 91 416 333
3
381 358 373 444 191 29
229 72 294 347 111 131
4
394 109 245 284 58 35
199 385 335 79 458 499
5
164 200 173 218 384 290
12 313 123 114 412 111
6
26 496 482 177 27 7
122 446 79 489 124 10
7
20 298 337 469 72 41
342 305 299 367 81 38
0
214 426 488 37 500 64
347 177 425 148 473 256
1
296 257 356 57 137 45
339 360 346 191 59 79
2
304 12 378 25 309 27
269 89 39 183 156 196
3
227 412 353 458 71 460
500 223 152 197 88 461
4
114 294 115 438 413 466
456 488 130 200 150 337
5
302 67 193 447 93 275
40 247 404 433 145 212
6
377 450 412 406 158 185
494 281 19 195 242 260
7
364 225 447 220 132 467
359 99 423 189 10 100
0
98 429 335 326 247 89
392 189 322 286 479 356
1
53 107 113 120 409 287
418 88 86 260 241 60
2
279 149 447 376 142 316
236 64 307 88 146 3
3
284 50 460 132 122 396
181 437 258 376 405 38
4
265 136 156 27 340 392
313 35 115 346 342 41
5
478 336 160 247 235 459
376 65 427 467 149 167
6
71 467 429 10 65 320
332 18 246 340 455 246
7
407 318 402 61 88 376
503 262 170 76 164 18
0
145 303 159 357 160 159
71 194 127 410 131 127
1
305 5 234 76 239 127
43 311 358 431 403 115
2
339 330 149 119 413 131
170 351 454 382 393 47
3
385 136 467 440 50 250
343 129 12 322 246 387
4
317 133 339 475 179 50
492 23 178 215 367 116
5
340 465 369 24 379 403
367 25 36 215 251 411
6
138 286 502 271 475 265
41 191 66 220 217 184
7
326 220 156 5 448 250
394 428 8 406 343 455
0
414 362 265 397 35 334
129 430 42 61 140 318
1
100 98 312 108 340 471
268 124 405 207 90 270
2
135 6 78 126 233 97
159 314 375 24 216 71
3
437 461 94 220 49 504
489 412 199 42 22 455
4
334 95 407 398 15 354
508 380 28 21 443 451
5
88 388 105 458 49 53
356 367 337 316 375 456
6
155 394 344 464 245 120
147 233 6 475 417 42
7
326 198 9 346 193 260
329 438 230 45 17 18
0
470 481 125 208 8 107
353 397 500 323 32 428
1
231 296 323 69 383 186
350 339 167 401 80 342
2
159 8 129 94 178 387
434 31 472 16 65 506
3
438 364 37 470 166 322
73 434 338 342 406 496
4
138 409 83 440 438 376
497 347 116 202 225 41
5
224 201 340 3 360 436
299 57 85 90 121 388
6
327 119 255 44 329 297
101 300 232 487 407 281
7
481 453 254 137 194 90
425 62 410 339 43 263
0
133 301 167 327 150 340
23 186 159 290 91 342
1
144 18 17 237 445 74
91 103 107 295 437 246
2
226 483 182 500 214 427
324 395 82 425 74 375
3
358 52 165 432 173 283
281 24 459 23 495 180
4
270 318 287 276 499 184
485 206 119 97 288 33
5
372 349 392 479 428 248
450 318 144 401 305 309
6
167 252 219 500 117 294
74 207 159 218 38 188
7
463 11 59 506 436 353
346 61 178 72 415 340
0
416 430 211 362 385 460
137 193 335 430 13 313
1
412 197 227 165 380 94
349 104 449 128 451 446
2
427 67 51 148 202 292
459 192 278 54 393 294
3
483 78 176 443 318 132
490 83 440 59 373 310
4
336 224 264 331 450 436
214 427 105 311 259 231
5
164 27 449 394 380 122
105 423 162 100 451 274
6
302 55 60 289 172 333
470 450 403 507 326 217
7
28 307 356 306 280 479
376 167 181 390 159 198
0
484 311 496 424 463 213
409 226 457 169 325 343
1
111 185 178 144 474 248
56 152 158 91 503 365
2
33 18 471 102 289 490
141 428 33 363 185 180
3
170 258 304 53 275 334
356 471 320 89 375 428
4
8 20 64 433 46 209
32 80 238 345 347 42
5
278 409 190 168 473 163
159 475 318 282 176 463
6
323 359 376 104 393 319
133 277 266 135 204 170
7
123 63 49 105 44 291
292 385 329 187 196 10
0
3 216 443 254 150 257
12 355 245 507 91 10
1
332 224 251 453 373 135
401 299 32 153 489 316
2
151 466 82 137 384 271
397 409 221 401 470 270
3
498 409 204 430 222 373
51 114 12 229 343 202
4
137 340 10 27 247 300
421 29 167 328 23 222
5
233 432 418 43 123 260
147 336 390 290 273 467
6
459 503 192 79 155 151
82 0 117 291 322 135
7
173 298 200 298 324 270
419 104 403 22 350 55
0
398 297 436 36 9 192
65 170 217 144 36 259
1
406 179 292 143 444 13
149 452 231 22 303 209
2
205 162 180 502 233 148
172 425 400 339 285 42
3
145 388 112 154 446 301
506 425 507 497 209 450
4
484 67 71 233 388 292
501 272 446 482 25 342
5
47 480 352 505 265 150
242 291 439 451 351 406
6
253 41 269 362 74 459
292 63 321 35 209 442
7
146 33 439 54 374 279
249 213 366 27 118 332
0
44 251 11 460 61 226
176 495 44 313 244 395
1
173 112 170 89 276 282
123 262 179 49 359 60
2
465 428 47 355 457 402
104 489 185 474 450 236
3
77 252 458 391 273 118
94 362 33 129 79 380
4
117 278 45 231 406 378
396 442 366 462 69 13
5
3 17 447 317 113 172
373 247 488 453 490 382
6
235 104 385 240 472 189
164 240 309 211 284 479
7
139 354 146 344 133 111
87 333 132 249 228 42
0
186 16 388 412 152 270
235 64 25 121 99 62
1
164 81 44 3 168 342
403 213 287 4 268 25
2
400 327 12 245 372 19
75 217 459 262 52 152
3
261 63 230 142 30 346
187 239 262 276 277 106
4
145 471 400 464 21 424
456 31 73 289 18 216
5
134 216 269 200 16 260
191 277 22 18 14 379
6
481 142 7 228 148 308
273 314 71 68 226 35
7
441 492 294 125 312 319
444 201 424 91 298 167
0
5 241 151 308 505 390
20 455 95 214 493 33
1
263 2 193 329 236 386
443 258 404 66 57 237
2
486 442 189 12 278 105
177 330 297 148 67 166
3
79 75 294 238 252 433
252 392 213 420 170 189
4
304 100 311 323 27 134
430 400 49 255 392 216
5
268 107 349 193 222 312
318 504 34 497 449 339
6
200 120 270 109 440 73
133 328 150 333 268 265
7
474 14 35 253 319 268
314 167 214 314 365 504
0
2 7 420 76 439 69
8 28 153 304 229 276
1
344 501 277 18 114 96
381 437 345 103 181 271
2
478 231 250 444 221 318
285 140 402 12 11 162
3
252 185 61 65 250 328
12 293 367 30 4 18
4
3 361 501 422 144 18
12 83 120 100 345 46
5
107 366 269 155 255 417
266 487 149 494 83 168
6
165 214 8 93 165 84
369 158 55 357 113 19
7
203 484 119 410 329 49
147 302 481 214 480 507
0
70 346 107 316 384 324
280 366 428 246 9 278
1
197 130 12 239 471 339
104 455 394 403 270 330
2
367 101 417 97 438 194
221 1 9 415 359 244
3
365 18 383 71 153 495
257 465 66 77 152 71
4
116 291 392 103 421 63
411 467 274 91 128 101
5
314 154 77 431 120 475
232 427 120 59 260 430
6
416 443 494 407 361 85
132 281 383 1 130 507
7
247 122 441 221 191 202
69 351 69 429 496 406
0
364 458 331 180 196 82
438 305 306 211 275 328
1
357 330 71 330 309 146
434 57 451 57 225 24
2
448 375 506 67 276 322
30 295 370 26 393 435
3
132 459 29 24 152 175
45 20 0 360 211 79
4
122 432 399 420 216 194
488 472 395 132 50 505
5
145 391 58 434 406 72
389 35 311 404 369 508
6
406 415 112 309 362 207
355 363 175 300 191 263
7
32 301 233 414 326 221
120 125 449 54 216 158
0
132 134 136 23 210 306
19 27 35 92 331 206
1
475 230 397 431 72 349
430 126 247 59 475 244
2
408 142 407 311 241 125
72 254 227 443 232 277
3
95 215 299 178 118 40
133 194 219 467 473 174
4
115 360 35 474 452 55
380 117 220 255 281 130
5
9 117 374 74 96 91
471 170 142 298 439 362
6
53 21 151 168 10 338
198 357 15 401 19 121
7
158 504 496 192 407 169
210 231 90 391 275 220
0
184 390 207 437 317 233
227 33 319 221 250 423
1
391 325 183 506 42 35
240 455 425 505 442 6
2
126 501 248 375 409 359
444 14 298 220 6 7
3
192 322 45 478 427 435
194 170 327 481 61 336
4
430 156 203 84 224 319
356 115 303 476 482 369
5
259 486 412 24 291 368
323 479 38 95 199 134
6
229 485 173 361 236 158
81 416 309 491 430 422
7
405 445 116 49 231 321
140 241 81 125 147 392
0
86 417 481 159 414 23
344 141 397 127 129 92
1
177 97 475 83 477 268
108 160 430 359 461 42
2
355 18 135 364 432 434
13 174 492 416 488 163
3
137 389 339 174 178 138
172 466 186 284 19 365
4
378 240 373 87 416 287
203 451 388 125 99 259
5
504 365 420 65 12 352
347 244 478 456 454 143
6
198 321 29 381 257 224
247 280 358 68 431 59
7
137 216 430 28 316 447
217 195 425 75 256 151
0
21 371 195 382 21 429
84 466 271 1 84 189
1
357 444 20 69 398 404
434 303 351 401 453 244
2
402 354 187 155 246 190
464 227 476 282 284 250
3
129 204 129 184 47 322
303 162 303 370 355 335
4
456 364 132 164 425 139
482 213 51 347 173 364
5
257 204 99 249 25 424
192 413 395 228 334 406
6
7 176 360 190 209 27
405 241 393 20 437 405
7
52 69 233 122 168 76
47 192 156 482 71 494
0
231 419 147 303 190 224
415 149 79 194 251 387
1
242 392 310 301 305 467
425 144 200 416 43 67
2
123 61 399 386 221 494
167 188 456 342 375 7
3
212 183 38 295 127 49
267 63 93 397 324 33
4
306 104 353 183 315 4
413 416 224 346 242 365
5
49 294 166 422 47 80
469 82 328 263 294 407
6
300 147 45 77 501 256
475 423 268 332 229 502
7
399 358 352 336 491 256
338 179 97 97 17 49
0
437 124 506 167 504 39
221 496 497 159 489 156
1
192 96 428 324 384 164
25 271 296 357 46 403
2
43 17 217 210 278 216
310 391 150 398 67 43
3
381 24 86 417 381 40
129 474 431 69 129 428
4
72 68 163 507 133 18
234 272 52 127 53 52
5
349 83 50 394 494 178
371 379 437 93 391 470
6
392 208 20 360 134 224
47 88 473 121 134 316
7
473 85 159 47 4 74
153 429 229 245 243 498
0
256 426 176 110 29 102
6 177 195 440 116 408
1
152 105 110 84 92 313
75 265 309 284 341 300
2
207 171 105 28 10 353
266 270 180 198 214 41
3
451 342 238 282 326 114
194 69 103 73 64 24
4
174 73 92 341 436 413
86 311 450 346 194 148
5
506 188 93 463 336 416
270 305 135 487 428 104
6
37 275 111 355 317 189
174 186 321 332 239 218
7
322 288 20 315 320 64
112 86 215 281 496 385
0
503 212 419 373 36 450
485 339 149 474 144 273
1
331 39 405 413 494 125
351 274 126 238 392 463
2
93 239 298 358 104 231
269 489 282 466 385 231
3
309 130 97 186 283 16
273 6 468 164 309 387
4
126 265 267 8 156 2
380 294 418 180 224 273
5
191 90 433 426 332 281
215 294 78 78 282 506
6
370 62 210 163 150 24
56 200 60 320 485 477
7
122 282 272 439 117 270
443 274 484 313 421 277
0
399 211 324 169 371 113
69 335 278 167 466 452
1
481 325 220 101 10 139
390 455 65 479 163 410
2
96 268 450 362 26 181
504 40 30 219 186 370
3
74 452 403 153 166 202
471 336 211 196 387 110
4
341 35 244 220 436 76
40 181 443 395 122 155
5
39 386 402 274 157 482
146 293 493 47 132 205
6
72 187 248 301 234 348
336 428 110 11 383 175
7
387 91 71 289 161 290
278 478 75 251 110 284
0
298 205 489 90 385 275
174 311 429 360 13 82
1
245 46 410 420 351 297
459 35 302 460 264 333
2
145 495 275 317 282 429
259 184 219 501 308 437
3
22 230 325 315 429 279
483 113 27 236 336 396
4
247 390 402 317 433 20
252 399 505 323 174 493
5
468 270 447 50 51 44
180 72 247 389 424 57
6
52 497 478 319 271 273
48 449 316 332 506 297
7
139 441 11 375 214 155
138 354 40 453 367 202
0
154 388 196 257 130 186
107 25 275 10 11 235
1
208 392 413 303 388 121
93 144 238 429 22 487
2
117 149 315 225 258 25
366 306 330 30 493 342
3
302 314 142 229 16 446
162 293 137 284 289 70
4
319 233 51 249 439 19
467 241 386 487 109 496
5
400 22 124 372 22 101
442 372 358 41 508 6
6
122 344 177 263 238 353
262 4 171 432 212 126
7
401 9 344 269 249 164
190 227 168 181 369 287
0
201 110 89 48 125 16
295 440 356 192 500 64
1
344 115 321 111 110 239
381 416 145 56 309 403
2
477 165 251 455 228 338
215 498 217 227 15 246
3
387 252 464 106 188 498
171 69 152 6 432 470
4
176 214 331 238 501 326
195 347 213 22 307 461
5
42 428 473 304 420 96
211 14 503 242 178 508
6
479 274 71 81 251 455
326 128 453 128 63 10
7
464 198 110 435 132 434
463 442 274 506 140 459
0
391 354 84 51 245 471
37 398 336 204 471 357
1
499 489 442 332 52 114
346 158 328 401 101 181
2
79 22 353 280 379 282
408 479 351 67 332 403
3
347 458 244 191 407 285
218 9 274 366 33 288
4
376 246 454 276 436 74
184 475 111 186 217 167
5
58 476 365 267 357 171
295 388 418 1 470 366
6
350 467 448 508 52 410
161 85 459 137 209 358
7
254 396 130 321 456 385
471 60 255 276 287 154
0
188 164 80 490 456 505
243 147 320 433 297 493
1
80 104 491 301 203 378
290 383 406 416 198 479
2
371 419 420 470 451 277
46 178 327 200 264 140
3
155 28 473 429 503 452
34 319 257 99 144 10
4
196 284 195 365 466 149
228 29 272 361 236 404
5
458 488 127 39 241 64
174 33 461 438 212 235
6
398 480 178 440 272 51
369 26 456 414 314 331
7
446 389 423 180 6 172
451 1 452 450 409 240
0
366 305 188 72 292 469
446 202 243 288 150 349
1
317 79 369 323 400 425
484 253 249 167 442 225
2
203 215 340 228 317 284
120 70 123 438 210 403
3
453 226 261 421 430 212
307 189 91 490 398 156
4
182 264 507 194 351 240
219 477 234 337 386 209
5
387 400 326 378 227 346
159 502 84 437 239 378
6
267 150 63 466 245 168
9 3 275 352 375 427
7
435 481 433 128 288 40
194 364 131 46 96 440
0
363 249 122 346 286 136
434 487 488 366 126 35
1
487 252 293 498 215 196
1 149 498 35 376 209
2
465 192 403 46 40 502
486 104 372 229 263 31
3
415 419 45 149 350 434
287 432 47 95 218 488
4
293 131 115 423 324 267
485 15 103 35 278 206
5
276 143 312 27 49 31
23 364 52 81 226 4
6
195 304 399 324 84 209
449 480 46 335 130 175
7
109 225 401 427 130 443
506 479 440 131 465 130
0
258 155 131 311 256 122
14 111 15 226 6 488
1
471 404 81 381 130 322
270 244 213 377 455 175
2
500 346 42 405 187 272
51 268 251 28 485 334
3
104 387 19 66 413 317
271 3 98 304 195 223
4
283 445 57 84 20 462
360 374 255 26 505 321
5
254 485 447 260 264 58
329 294 274 297 135 214
6
357 355 185 456 330 61
481 33 173 365 18 35
7
306 45 26 328 299 465
402 490 90 350 177 253
0
328 257 189 305 202 257
294 10 247 202 299 10
1
173 333 76 317 187 360
123 145 431 484 334 237
2
220 388 59 97 424 442
103 417 328 285 313 380
3
346 164 262 40 25 388
175 348 147 222 148 368
4
308 461 159 40 395 273
455 15 241 428 53 262
5
168 146 108 137 283 406
98 488 303 288 42 39
6
375 177 69 488 253 289
482 2 6 199 343 485
7
176 308 29 434 150 71
473 226 211 294 252 251
0
30 197 340 334 437 228
120 279 342 318 221 403
1
191 503 379 127 248 20
215 248 54 115 365 351
2
90 178 69 323 141 327
170 248 302 109 124 273
3
298 487 271 261 421 42
132 197 74 121 123 358
4
190 297 452 345 361 130
191 63 126 362 426 333
5
120 121 242 426 123 77
444 484 486 119 272 223
6
387 155 390 466 151 116
88 403 411 334 211 347
7
500 242 319 445 25 43
140 353 101 102 113 345
0
477 392 346 60 458 163
381 41 366 240 305 143
1
62 449 10 142 212 174
21 169 163 332 176 253
2
243 281 105 57 192 292
103 200 298 35 114 16
3
434 464 414 125 452 188
390 505 279 130 451 439
4
350 339 474 311 465 113
145 310 234 265 333 304
5
463 5 271 307 459 141
233 425 28 33 123 291
6
366 140 498 308 161 191
376 462 304 37 100 312
7
283 321 198 68 431 229
434 84 361 164 430 391
0
277 99 178 20 441 157
90 396 203 80 237 119
1
137 103 199 431 275 499
59 360 309 59 151 346
2
109 10 283 7 464 59
76 101 139 57 401 218
3
433 51 49 29 74 419
122 418 70 390 310 462
4
63 106 66 192 241 291
252 384 304 259 455 146
5
401 189 363 59 149 228
376 250 342 301 162 387
6
134 418 420 312 252 123
373 416 323 461 341 448
7
82 156 450 137 375 165
405 7 327 90 202 290
0
347 360 362 454 108 463
370 422 430 289 432 325
1
172 116 201 34 115 25
246 489 239 79 416 188
2
412 264 420 387 462 461
243 138 304 141 483 13
3
295 64 246 275 51 261
189 112 233 280 288 216
4
238 451 70 129 219 247
275 464 429 116 395 174
5
230 39 269 116 179 52
82 161 69 443 146 231
6
227 472 177 487 307 59
97 94 164 214 168 120
7
355 473 223 364 294 489
380 358 158 200 456 101
0
148 453 436 176 462 224
83 285 217 195 321 387
1
429 247 331 187 269 123
219 43 351 334 199 272
2
156 241 214 17 487 319
482 497 433 67 185 43
3
384 469 305 103 489 87
36 403 120 312 246 89
4
309 369 492 283 404 329
192 398 278 200 89 461
5
44 47 241 118 315 281
271 258 442 293 30 502
6
348 83 489 15 303 283
247 411 125 380 311 271
7
388 99 470 368 78 269
181 337 127 189 117 258
0
257 38 340 404 298 55
10 152 342 89 174 220
1
404 83 488 274 40 132
244 359 197 235 460 213
2
396 250 468 28 122 262
406 365 257 414 201 96
3
82 355 334 73 36 495
328 470 26 164 471 134
4
123 494 33 321 154 410
402 78 253 266 363 197
5
211 206 64 181 200 437
198 167 444 505 89 296
6
3 315 108 445 191 259
468 207 382 334 268 430
7
117 175 366 462 18 318
437 405 407 388 256 46
0
75 52 258 153 331 329
300 208 14 103 306 298
1
443 265 465 124 187 126
281 338 222 358 334 429
2
197 139 245 37 341 111
393 467 350 220 462 101
3
339 352 123 50 99 443
344 249 105 489 304 446
4
9 73 209 211 183 226
36 292 301 333 251 395
5
261 10 283 336 354 15
217 163 26 289 178 44
6
76 5 244 404 432 360
46 493 202 196 385 344
7
35 480 71 45 66 114
174 395 386 127 278 162
0
429 103 212 215 194 416
189 412 339 351 267 137
1
471 152 197 449 136 2
270 75 104 169 20 258
2
37 467 124 470 473 375
100 87 461 67 382 287
3
7 377 135 485 57 123
39 144 460 461 368 33
4
202 182 317 219 461 166
263 219 135 367 173 450
5
282 266 235 106 352 218
147 222 462 493 221 197
6
421 303 96 331 174 281
417 339 464 313 305 126
7
427 228 136 226 330 396
428 493 462 30 146 283
0
297 392 269 160 299 461
170 41 58 131 178 317
1
208 198 425 17 410 291
93 252 225 107 302 312
2
324 429 245 277 102 96
169 482 83 477 449 166
3
97 88 275 302 199 456
235 274 296 44 369 78
4
6 87 437 102 426 82
24 343 380 408 177 174
5
360 21 193 429 99 142
314 312 397 20 101 58
6
14 238 272 336 496 451
193 44 166 366 139 235
7
485 342 191 327 161 247
63 42 68 19 51 506
0
384 145 288 138 482 401
9 71 134 43 401 77
1
346 210 454 301 89 454
321 290 56 416 49 56
2
492 395 465 262 497 246
253 489 127 111 425 48
3
102 340 180 17 383 418
239 18 301 69 89 241
4
125 24 156 346 65 475
399 137 84 176 32 373
5
158 388 28 118 476 156
245 206 119 269 138 172
6
218 285 245 410 479 174
48 135 126 235 164 252
7
32 314 115 501 57 431
426 437 232 493 273 490
0
491 82 165 468 246 495
437 328 151 345 475 453
1
225 492 222 371 410 365
130 402 449 205 302 418
2
204 457 101 248 437 508
358 53 227 225 337 18
3
210 101 137 325 352 337
297 71 358 288 478 27
4
300 422 278 435 98 175
489 423 94 78 207 451
5
81 345 222 282 70 388
213 96 124 12 136 70
6
126 142 114 320 247 484
436 139 220 178 480 67
7
240 109 335 300 503 180
257 98 504 433 147 115
0
361 299 15 461 232 449
426 178 60 317 419 269
1
372 57 75 497 6 304
450 191 299 115 261 11
2
95 148 243 273 213 446
388 485 488 22 77 448
3
260 39 166 495 167 12
50 311 275 243 10 473
4
277 397 71 440 420 182
393 355 490 190 153 477
5
333 129 3 288 156 145
100 497 450 77 450 138
6
253 302 390 408 122 106
284 272 71 157 476 101
7
485 437 177 273 127 115
444 76 37 492 7 470
0
459 414 468 388 52 63
309 129 345 25 208 252
1
130 335 97 274 143 319
455 256 160 235 22 177
2
12 203 237 110 373 444
362 263 504 7 297 113
3
369 409 323 216 220 217
354 80 486 303 226 241
4
159 82 497 381 502 11
488 328 123 506 476 26
5
291 184 138 472 201 262
312 322 147 298 183 241
6
206 12 436 279 496 149
487 57 477 112 100 246
7
34 260 469 78 5 260
299 444 365 192 198 155
0
468 232 334 378 67 292
345 419 318 494 268 150
1
109 262 501 444 22 287
67 466 437 303 508 60
2
232 388 495 74 83 39
9 378 386 221 366 86
3
234 204 72 315 119 393
473 381 228 166 319 394
4
155 124 108 356 387 273
64 496 479 323 499 188
5
124 150 17 62 11 134
299 85 155 21 357 496
6
14 375 376 152 408 124
164 377 235 507 134 299
7
478 273 418 372 32 69
503 185 354 387 174 231
0
296 184 474 106 441 107
166 227 369 424 237 428
1
292 363 216 505 190 431
231 485 11 377 332 59
2
448 452 243 289 359 477
253 73 417 92 107 285
3
500 52 99 434 88 87
334 323 150 240 57 122
4
72 145 497 54 445 497
270 507 109 98 305 461
5
130 372 343 22 229 43
203 77 20 275 143 390
6
393 339 44 27 241 483
349 2 339 500 221 247
7
14 505 143 99 468 18
114 146 456 472 350 350
0
372 174 15 13 187 296
470 187 60 52 239 166
1
254 396 185 358 405 167
248 423 152 240 126 484
2
318 49 226 440 236 403
425 131 47 82 192 421
3
154 244 326 211 413 42
427 342 196 55 237 195
4
93 127 501 169 70 93
349 474 69 125 379 271
5
245 188 2 209 425 98
321 117 244 257 470 174
6
6 45 386 211 273 248
9 501 240 308 50 374
7
334 404 363 179 123 412
155 186 63 169 365 466
0
80 222 411 24 76 340
320 379 117 96 304 342
1
237 248 66 303 50 305
295 365 228 429 386 43
2
43 338 494 121 395 492
154 10 318 161 300 303
3
308 299 398 72 131 37
107 501 130 94 475 134
4
363 467 37 215 375 167
108 41 326 499 482 459
5
346 351 367 414 19 362
65 427 177 332 109 378
6
361 146 186 328 306 11
103 428 26 178 448 225
7
58 381 153 181 193 55
286 397 379 413 460 22
0
191 105 217 424 243 411
255 420 359 169 463 117
1
123 132 505 133 442 261
272 213 377 45 328 144
2
10 321 241 247 485 161
482 390 366 387 14 63
3
395 100 423 414 184 53
1 485 257 151 47 215
4
27 19 86 333 46 243
100 84 304 67 381 44
5
387 99 230 332 7 317
168 207 126 160 468 484
6
442 358 497 251 484 355
435 1 54 415 147 161
7
201 102 154 156 289 289
68 390 475 65 454 174
0
480 23 249 291 479 27
393 92 487 146 389 108
1
104 112 142 419 198 339
383 262 332 402 252 330
2
324 368 84 87 32 338
245 265 286 481 501 368
3
98 81 287 415 336 5
492 350 443 489 268 234
4
463 441 388 335 236 9
380 32 481 375 131 490
5
61 103 304 285 91 265
108 114 133 477 365 119
6
2 464 208 357 123 20
133 165 246 460 3 7
7
41 194 500 181 171 448
249 106 488 101 296 114
0
124 3 261 24 4 325
496 12 26 96 16 282
1
236 331 101 207 139 196
57 351 479 148 410 209
2
136 385 492 220 306 359
490 104 258 38 313 86
3
499 404 100 65 227 401
1 323 45 218 217 325
4
194 412 46 231 171 495
119 389 332 415 416 453
5
324 54 319 411 221 280
357 206 460 385 361 244
6
426 17 60 11 329 455
413 340 283 399 382 184
7
27 427 21 158 372 479
377 181 405 480 325 254
0
33 291 507 177 247 340
132 146 501 199 479 342
1
374 462 98 41 241 94
193 267 124 488 467 446
2
358 309 169 44 148 242
15 188 115 423 203 221
3
417 107 396 79 239 14
402 206 400 145 58 293
4
129 343 202 281 486 164
7 175 299 106 274 469
5
42 266 440 31 197 249
198 222 352 458 505 449
6
400 453 360 173 7 238
163 448 20 82 196 464
7
409 478 393 403 340 394
161 224 185 174 295 46
0
274 200 144 87 29 507
78 291 67 348 116 501
1
355 149 381 117 42 90
431 272 377 365 442 107
2
72 495 197 390 183 223
134 387 318 230 312 178
3
8 425 188 404 220 371
244 310 371 163 303 6
4
317 346 357 25 380 14
456 45 370 421 479 422
5
8 485 46 86 99 91
426 294 35 194 362 159
6
446 316 499 238 354 137
132 106 144 341 363 272
7
406 414 131 6 170 277
95 235 38 501 466 283
0
139 212 180 313 274 262
47 339 211 234 78 30
1
400 442 300 88 448 391
442 328 356 464 231 240
2
404 456 110 468 436 263
107 474 357 196 45 233
3
326 378 120 306 428 22
366 435 438 270 379 443
4
85 214 83 316 273 149
338 218 398 144 74 254
5
16 444 500 295 80 446
277 438 330 269 61 504
6
38 270 453 106 148 377
273 267 300 409 56 187
7
492 269 303 372 263 483
264 466 330 44 204 47
0
491 259 34 429 422 33
437 18 136 189 161 132
1
102 468 487 237 80 186
117 21 1 295 290 342
2
485 314 131 110 237 77
241 366 143 268 245 368
3
273 181 406 90 421 55
314 479 62 468 467 123
4
349 39 333 494 410 8
37 156 314 304 113 9
5
252 315 472 203 126 36
408 393 174 198 63 30
6
79 231 140 231 496 241
388 63 84 122 222 424
7
139 342 370 312 406 468
142 475 161 153 45 468
0
383 370 276 13 492 29
5 462 86 52 441 116
1
437 316 334 374 186 39
34 105 238 193 342 274
2
43 150 254 101 205 381
469 101 146 103 103 351
3
38 281 507 47 133 306
99 221 38 51 422 304
4
49 254 333 4 419 474
151 302 235 345 149 369
5
193 185 35 387 410 54
230 323 86 24 302 175
6
359 374 352 409 367 378
206 463 366 317 396 28
7
93 62 45 461 467 197
259 241 333 313 57 322
0
54 16 175 349 362 341
216 64 191 378 430 346
1
221 447 326 503 129 303
502 488 84 248 58 429
2
109 132 453 167 260 125
477 19 211 500 239 32
3
20 62 322 308 488 254
249 9 419 494 470 266
4
370 421 497 160 468 284
252 20 334 392 345 331
5
424 449 346 218 217 302
93 169 321 54 81 505
6
374 121 186 80 426 145
389 24 497 9 47 274
7
492 135 368 231 289 15
317 220 250 396 496 478
0
269 508 303 460 490 492
58 505 194 313 433 441
1
303 230 292 202 407 254
429 126 231 391 392 248
2
65 454 310 64 363 103
391 507 59 67 432 346
3
105 118 104 62 170 193
122 504 119 426 300 161
4
97 319 351 210 83 114
374 36 149 331 59 184
5
348 30 378 85 200 223
41 81 134 195 361 297
6
408 481 456 478 351 474
62 190 166 224 368 211
7
97 441 257 175 14 422
388 227 316 239 65 300
0
268 29 295 167 11 365
54 116 162 159 44 442
1
235 370 503 7 168 89
274 99 248 371 268 49
2
441 418 11 458 194 97
424 119 262 475 113 153
3
164 474 175 209 437 34
180 310 227 253 372 431
4
18 425 472 75 381 398
72 332 270 114 41 139
5
364 327 347 159 356 267
364 320 130 66 497 129
6
255 433 84 259 21 370
366 106 191 1 131 244
7
203 225 502 333 362 193
508 151 357 297 276 274
0
407 242 262 278 388 365
101 459 30 94 25 442
1
272 421 293 361 397 76
214 45 498 275 247 431
2
438 259 483 193 384 207
336 385 157 284 502 223
3
402 470 225 285 37 256
499 393 277 185 133 100
4
408 491 351 291 69 340
275 237 375 206 106 493
5
246 129 33 361 493 162
148 20 390 280 461 146
6
180 399 440 456 108 9
97 329 146 140 487 58
7
303 139 502 175 404 108
222 463 95 82 277 415
0
149 371 144 51 248 193
87 466 67 204 483 263
1
92 191 46 112 258 169
341 215 35 262 477 419
2
202 337 258 163 13 364
332 72 69 268 121 386
3
470 15 342 357 235 38
466 425 224 407 370 311
4
318 499 471 214 211 376
147 184 204 0 86 100
5
357 169 67 404 415 357
107 388 396 244 206 434
6
295 449 185 39 430 487
371 392 151 468 476 41
7
97 334 133 377 249 371
157 202 14 43 260 71
0
272 130 375 454 349 427
70 11 482 289 378 181
1
84 478 158 462 45 463
284 51 245 267 79 474
2
463 31 177 503 384 502
118 440 101 71 377 348
3
27 450 241 450 407 44
270 333 176 333 322 419
4
123 410 428 435 468 308
492 11 167 206 312 374
5
236 115 122 112 460 35
506 256 485 372 356 168
6
406 316 70 349 11 148
117 362 17 41 324 148
7
448 31 339 248 286 154
6 81 275 346 178 146
0
258 73 446 460 499 403
14 292 257 313 469 85
1
296 175 140 234 14 287
339 271 260 358 196 60
2
367 129 323 305 182 203
49 69 30 228 93 321
3
167 117 4 146 82 146
223 364 206 322 284 322
4
23 236 450 200 85 230
92 284 23 321 491 122
5
7 77 132 37 324 160
91 342 221 46 128 175
6
469 39 164 159 415 363
272 449 500 161 409 163
7
295 266 80 429 496 70
47 0 3 301 63 58
0
139 206 446 146 84 287
47 315 257 75 336 130
1
335 46 171 466 265 90
256 35 46 170 338 107
2
114 115 25 384 6 433
38 440 507 473 474 133
3
164 224 40 156 490 383
419 25 140 62 375 408
4
469 382 29 181 278 251
418 309 338 312 198 204
5
111 60 398 131 365 437
380 265 470 157 382 186
6
258 43 261 139 180 143
487 264 136 87 15 257
7
244 412 239 237 496 435
164 140 153 228 297 403
0
400 277 245 472 191 66
73 90 471 361 255 264
1
487 107 488 487 422 486
1 88 197 1 264 508
2
6 143 235 315 198 275
15 69 195 441 211 315
3
394 28 253 126 439 283
183 72 394 34 240 56
4
346 163 409 14 250 28
34 8 372 292 78 493
5
296 123 186 399 370 424
207 67 30 200 239 406
6
234 457 301 29 60 57
115 403 320 386 347 91
7
92 66 169 77 141 133
61 115 297 286 98 163
0
487 127 165 329 140 356
421 508 151 298 51 406
1
208 391 72 255 290 406
93 240 475 261 32 149
2
220 508 208 154 410 399
258 336 478 48 263 144
3
256 401 27 106 17 56
482 432 143 170 282 481
4
472 60 231 464 278 490
458 411 462 329 288 433
5
195 245 318 438 335 34
411 261 34 328 298 56
6
95 178 295 363 262 60
18 296 429 455 59 60
7
168 482 202 463 156 293
199 100 15 50 231 469
0
403 200 56 310 304 222
85 291 224 222 198 379
1
146 183 269 22 336 277
24 425 199 508 386 345
2
78 484 479 18 131 359
198 104 238 218 423 65
3
124 322 204 441 481 122
469 170 342 49 467 87
4
413 145 80 443 246 144
301 70 385 48 133 366
5
297 346 282 53 133 209
333 141 444 288 170 463
6
63 447 470 145 119 263
490 220 67 466 460 238
7
378 282 179 408 449 342
45 465 178 134 88 314
0
121 92 10 495 9 49
484 368 40 453 36 196
1
330 482 341 31 439 507
57 86 241 458 199 251
2
129 342 168 467 65 103
365 452 300 60 405 256
3
142 8 300 53 265 407
312 346 317 279 302 182
4
164 90 165 286 239 136
73 406 150 5 447 185
5
384 469 502 417 46 44
46 270 86 469 238 123
6
356 178 107 421 218 385
5 392 16 236 472 225
7
505 498 451 481 404 106
101 222 393 271 482 370
0
206 402 100 365 193 473
315 81 400 442 263 365
1
285 32 68 397 104 86
210 48 345 247 383 234
2
354 55 270 297 79 452
338 181 168 117 143 389
3
345 228 107 404 505 368
118 504 203 366 227 110
4
245 283 364 155 468 80
306 495 319 239 241 199
5
103 355 51 231 229 490
454 431 446 350 105 202
6
156 404 286 432 229 310
357 78 347 134 470 429
7
216 371 110 286 339 262
375 490 393 178 313 344
0
257 293 123 2 442 244
10 154 492 8 241 467
1
293 322 98 436 175 314
498 175 124 171 271 267
2
284 430 508 201 295 174
38 143 363 190 28 68
3
437 49 158 444 109 82
350 463 36 501 226 178
4
115 215 42 59 443 16
361 178 185 292 17 491
5
351 166 222 272 137 271
339 474 354 309 56 168
6
374 450 395 262 35 315
113 122 433 21 187 383
7
72 27 238 178 476 419
464 247 332 74 89 435
0
427 16 288 389 446 320
181 64 134 29 257 262
1
411 330 22 67 43 203
385 57 508 181 339 198
2
238 14 410 484 155 157
230 427 270 317 415 382
3
307 409 320 13 430 75
311 492 249 347 436 3
4
13 98 239 347 381 96
52 390 306 262 472 160
5
302 89 505 469 309 323
129 49 100 49 201 191
6
64 291 467 186 262 425
312 109 146 159 345 80
7
352 211 454 311 504 246
503 3 490 433 458 179
0
502 67 91 180 443 172
481 268 364 211 245 179
1
317 172 194 50 394 106
484 246 480 386 93 34
2
131 121 393 141 143 252
260 345 446 374 334 507
3
460 71 346 457 130 220
263 458 249 250 206 466
4
92 198 442 487 231 152
368 237 506 165 117 434
5
141 196 140 228 58 159
394 114 316 85 68 111
6
460 262 408 116 457 338
348 103 473 379 477 195
7
84 125 397 353 35 111
214 184 186 111 257 288
0
116 231 348 184 228 123
464 415 374 227 403 492
1
20 70 423 378 347 52
351 310 275 479 281 101
2
245 410 309 391 383 374
325 380 502 16 493 86
3
326 463 281 454 344 350
328 175 377 323 22 232
4
308 498 353 141 272 416
47 239 349 267 214 219
5
13 181 176 12 371 501
19 506 246 394 239 12
6
124 238 489 475 306 156
389 72 101 215 15 296
7
238 346 130 329 196 254
72 59 205 208 292 71
0
183 190 354 352 359 501
223 251 398 390 418 477
1
68 442 70 325 297 449
345 328 310 455 333 169
2
145 168 73 29 36 161
36 38 18 315 378 343
3
253 299 466 135 404 155
328 7 48 172 218 124
4
266 117 17 450 203 347
306 468 254 89 447 473
5
367 195 4 18 503 421
99 101 26 260 206 255
6
436 372 126 408 402 425
454 281 211 502 254 404
7
308 198 79 488 401 75
313 139 78 484 216 375
0
367 403 25 289 67 390
450 85 100 138 268 33
1
448 254 476 179 495 100
231 248 152 452 313 268
2
352 53 361 426 5 383
453 14 356 506 460 21
3
29 294 116 16 275 296
424 373 340 409 135 3
4
90 444 181 86 452 19
289 400 124 439 273 0
5
321 260 82 135 279 105
145 168 454 316 338 416
6
425 193 36 495 495 175
451 399 53 104 123 450
7
151 238 27 131 211 138
134 454 201 262 199 430
0
115 420 405 496 427 489
460 153 93 457 181 429
1
12 105 449 308 226 273
394 265 169 270 467 452
2
12 499 501 134 95 445
233 340 434 74 420 310
3
26 36 354 454 90 379
433 66 173 45 8 435
4
508 247 166 379 447 425
163 479 368 35 261 256
5
505 279 427 336 393 176
377 189 493 386 179 364
6
173 454 437 507 227 166
388 489 44 59 201 463
7
49 309 181 121 350 81
358 453 398 365 322 81
0
230 96 106 61 274 66
411 384 424 244 78 264
1
387 495 212 107 394 342
24 313 176 88 93 25
2
382 367 316 452 283 216
275 78 450 2 334 260
3
187 147 257 197 34 383
315 354 213 271 341 158
4
203 89 439 43 178 202
143 356 477 331 228 27
5
149 201 87 267 340 103
272 143 205 28 259 383
6
418 92 90 126 272 119
252 170 200 211 298 112
7
337 319 62 423 326 497
109 90 78 266 304 128
0
426 409 372 338 505 44
177 109 470 334 493 176
1
13 114 33 502 294 348
209 181 357 138 133 133
2
295 125 362 490 445 375
501 325 172 433 322 266
3
50 318 451 92 327 209
181 44 126 495 36 246
4
76 435 397 181 319 502
304 468 492 431 374 481
5
473 480 289 77 95 471
394 6 444 216 379 270
6
105 10 170 378 421 96
136 450 409 60 13 130
7
408 79 355 354 328 153
165 461 316 246 45 391
0
335 14 466 161 29 507
322 56 337 135 116 501
1
32 36 105 147 34 66
48 333 265 334 79 228
2
277 155 145 260 485 226
438 326 272 138 188 490
3
486 390 360 21 209 432
340 368 174 258 396 139
4
122 60 142 199 210 477
426 302 59 287 331 381
5
324 220 104 212 420 91
357 40 408 367 460 437
6
185 477 218 186 44 148
189 235 499 442 358 57
7
323 496 175 132 305 288
264 155 159 111 450 358
0
131 380 242 425 282 53
15 502 459 173 110 212
1
33 95 109 219 167 262
357 379 67 477 484 466
2
45 80 50 214 427 339
181 243 131 440 413 100
3
196 483 438 354 15 100
204 320 484 453 457 331
4
392 31 141 167 346 173
189 234 81 165 366 402
5
249 13 79 287 36 39
29 68 294 201 482 396
6
80 90 159 62 36 412
75 364 163 118 475 160
7
68 174 349 380 266 383
321 243 175 7 450 190
0
49 169 387 269 7 322
196 167 21 58 28 270
1
295 456 437 273 354 68
50 91 34 452 65 345
2
447 418 134 308 446 318
217 330 171 2 48 275
3
112 311 195 260 453 138
184 345 252 341 342 481
4
229 375 56 234 402 24
202 163 397 427 54 474
5
8 41 99 365 469 275
426 488 362 359 37 222
6
294 66 279 81 152 71
227 280 293 41 356 194
7
175 336 212 494 54 52
507 357 175 28 371 359
0
262 240 202 27 323 313
30 451 299 108 274 234
1
267 92 84 278 396 506
84 341 284 159 423 505
2
84 499 163 288 80 366
181 278 264 92 250 493
3
482 184 36 405 400 216
320 232 175 253 406 218
4
398 227 361 406 59 197
235 369 292 52 66 488
5
301 128 189 364 369 369
379 133 362 436 249 249
6
189 18 408 178 105 151
339 172 438 129 296 75
7
155 197 256 38 138 123
397 435 42 374 318 488
0
316 283 408 394 309 329
246 114 105 49 218 298
1
129 371 153 443 425 241
58 205 163 281 225 467
2
221 184 367 253 279 125
425 461 126 296 280 110
3
101 401 11 212 38 396
378 393 422 396 313 483
4
256 410 177 475 375 221
436 433 278 273 8 120
5
11 138 436 499 100 442
206 304 171 212 161 328
6
384 460 454 467 206 340
390 157 171 119 305 475
7
198 195 181 324 271 217
22 478 32 115 440 212
0
71 285 282 408 503 105
284 122 110 105 485 420
1
344 416 125 4 174 150
381 104 463 132 253 262
2
33 105 329 368 156 127
232 204 407 134 445 229
3
308 391 100 189 241 321
454 357 7 292 132 366
4
400 212 491 487 147 361
329 339 307 334 419 47
5
240 349 383 347 103 18
310 477 80 219 409 392
6
253 417 378 142 398 33
160 413 407 241 499 47
7
232 372 57 427 457 301
6 33 382 17 469 393
0
504 414 288 153 80 390
489 129 134 103 320 33
1
452 212 285 151 63 424
318 176 210 269 160 406
2
81 251 377 193 41 312
140 284 4 266 262 354
3
346 470 450 329 35 236
179 234 498 114 380 430
4
310 450 44 157 377 6
427 376 289 272 490 468
5
116 443 116 85 203 193
201 503 435 391 324 110
6
188 445 450 441 396 14
434 345 50 325 420 490
7
340 205 226 241 487 172
337 270 196 477 179 39
0
412 392 449 483 429 277
121 41 269 405 189 90
1
3 93 300 195 353 385
4 405 356 242 167 151
2
203 183 328 276 221 352
339 453 374 239 339 233
3
160 202 97 197 11 453
386 258 97 328 65 108
4
429 330 188 94 219 458
363 160 274 103 68 305
5
13 174 29 247 434 179
65 152 503 307 350 293
6
397 239 109 173 427 82
418 34 368 482 495 84
7
138 18 138 84 393 327
164 175 402 291 359 163
0
124 319 365 252 412 461
496 258 442 499 121 317
1
476 386 330 350 301 409
152 237 57 398 416 241
2
185 406 15 246 494 494
505 105 168 488 341 341
3
341 166 124 415 67 152
368 215 8 390 189 403
4
158 222 143 123 381 467
88 300 78 82 506 341
5
94 110 44 164 131 111
240 209 442 271 215 154
6
187 429 93 287 167 90
347 213 129 438 277 153
7
235 262 286 330 351 471
373 205 320 57 48 59
0
464 381 82 58 370 238
329 506 328 232 462 443
1
463 225 141 409 77 489
474 130 206 241 434 158
2
294 13 72 405 453 498
306 148 265 413 96 204
3
418 317 477 111 367 344
203 334 239 62 268 58
4
247 359 323 232 11 97
243 156 183 434 356 141
5
239 103 181 166 272 311
54 490 82 143 319 257
6
223 294 449 386 457 446
67 457 245 66 57 349
7
118 366 407 332 486 313
400 214 264 475 489 37
0
267 55 258 504 137 257
50 220 14 489 39 10
1
370 227 320 164 22 7
99 449 118 403 508 371
2
438 209 297 185 408 20
486 173 497 162 53 152
3
248 13 55 56 109 242
41 231 181 396 344 104
4
255 130 77 61 225 372
317 467 361 408 421 470
5
255 502 186 106 394 29
261 481 448 276 93 321
6
162 331 311 151 453 105
96 296 222 225 262 18
7
466 426 346 478 53 68
484 461 251 44 90 390
0
173 459 385 412 262 149
183 309 13 121 30 87
1
260 427 361 155 485 150
168 458 275 444 294 262
2
375 29 243 176 278 191
504 282 408 65 96 432
3
398 57 165 65 373 343
194 37 153 71 179 18
4
311 101 288 311 352 361
16 82 157 226 390 426
5
179 199 16 197 41 484
452 82 492 485 206 5
6
120 235 7 470 309 62
55 293 174 184 394 6
7
261 206 480 338 398 239
403 424 499 504 72 101
0
24 449 329 122 366 445
96 269 298 488 446 253
1
41 157 382 234 441 309
488 63 394 358 164 225
2
272 329 51 152 501 187
409 353 400 116 502 409
3
62 318 130 213 413 383
388 49 42 416 283 347
4
345 456 70 478 266 131
87 481 476 252 236 362
5
199 147 290 389 302 117
56 334 477 502 424 366
6
94 138 123 477 196 124
447 476 242 189 473 357
7
409 349 189 275 36 67
198 416 403 430 122 472
0
438 25 15 309 271 468
225 100 60 218 66 345
1
82 508 225 239 133 229
51 505 130 403 45 169
2
219 205 251 193 472 334
163 439 185 459 123 285
3
172 381 291 102 310 392
165 202 348 177 17 249
4
281 380 326 360 321 369
106 443 286 422 314 469
5
463 230 206 226 292 313
266 241 441 43 255 432
6
209 310 134 426 66 469
313 418 66 400 474 113
7
95 49 325 146 29 438
102 406 342 459 307 337
