100
 
00001101000010011011010010010010010101010110101011011100001011011001100001101110101001011001001101100000100101100110111110010100
11011100001110111101101101010110011100001001011011010111100011000110000000010110100100101110011110001111000101101000100010100000
00010010110010101100110100000111001000000000000001011010100000000110110001010100000100111111110011011011010000010001110100110010
11010010111110101001000011100101111001000100111001110010101000011000001001101000001001001000111011100000101110010101111000110010
00011110010011101100010010011111101111000101000010111011111010111000111101101000101111000001110010111000111001100100011011100000
11001111011101001000100111110001100101000010111111010011100110000111001101010001100000100100100001100011101011100010010011100100
01010000100011010001011110101010110011101011100000110111110001100111011000010010010010100100011100110111111110011001100000110000
11000001101101011100100100101100000010001111011101010101110101111000010001101111001111100010001100011001010110010111111101000100
01101111010010000101111100110100010100101111000100010010100110111000011000100101011011101010110101010101010111111010001010110010
11001001011100101011000010101000011011011001111100110100111110100101010010011111010110000000000110111110110101110111000110010110
01100111110000010001001010110101000101100000000110110011101101000100010100011101110100001000101011011110010010101110111101001100
11010110111000100011101110010001101101011100111110011001000001111011011110100001111011101111101011110111111000101000100111000100
01101001000001110000101110100001101011100000100101110101100110011011010001100011000001101100000011111011111001011011110101011100
11011010001001110110101000000101101000010110010000011101001011000100011110011010011000011011010001010100011001011101111001010100
01110100110000101100100000011100111110100111000111000100111010000100001001011011101000100010001100000000001100100100011010011110
11010100011011000010001110011010010111010001110000111100000010011011010011110110100101011101010100011011010110101000010010110010
01111010110000011011000100001000010011101011000011101001111001111010001101110000000101000101111100001011001001010001100001001100
11101001111010010110100010101010010011010101110011011010010101000101010111001100101001110011111110111000110111001111111100100000
01110111000001001011100011010001000101111100100001101101000010100101000010001110001111100011010011101100100010110000001011011100
11100111001010111111000100111111101100011011010001011011011110111010010111111000000000010101100001000011011010110110001111110000
01101001110001001110101101010111000100110000000011001100001101111010000010111110110010101111011011100111100111000111111100111010
11101000101011101001010010110011101101011110110111110110000101100101001010000011101111010000001001000100001001000011100100110010
01100101010010110010001001101010111010110111010000101010000111000100001110000000011011011001110100000100001110111010110110101000
11100000011011011100111010100110011001010000110111110010001011111011001110111111010110111110000110101110100100110100111010000100
01101110100010100110101011111010101111110011110100101011011100011011001111111001110100111111101100111010101001001111011101111000
11111110101010001100011100011110010110000001010101010011111000000100100110000101011011011000101110100001000001011001010011011100
01000010010011010111101101101111000000111001011110000110011011000000000011000111100001010000000011111001110000101000100000101010
11110011001000000001011000001001100011000111110110110101110011011111100001111011111000010100011000000010001010101000111001011110
01011100110111010001000001110011010100111100011100100010000000111101010111111111001000010100000011010110010101011001001010001100
11111101111001110101111111010101101101101010110000100100111100000011101001000010000101100010010001111001101110011111001110001100
01010011000110100100100111010110110011111010111110100011001011100011010110001001100111111010111100010101111111100110111101011100
11100001001001100000010001010000011100101100010000001001100110111100101101010100101000000001111111111110100111101010100101011100
01011111110100111100010001001100101010110111011011000100100001111100011010010010001110011000010100111110111010010011110111001110
10101110001000010000010101100000011011100000110010101101100101100011100000101100100011101111110110010101010000000101111011111010
01000001110101101001011101011001001110100001111001000100110110000011011110101110010011011110011011000001010111010110011100001100
10100010111001011110110011111101100111100111110000101100111110111101110000010110001110101011001000010110111001010000010000101000
01001000000101001101111011100101011001101100111011101001111101011101010101010100111000110011110011000010010100100101100010111000
10011001001001001011011101101011100000100111010111001011110001000010111100101001110111001101000001111001111100100001111010111000
01000110110100011000011111110000110100101110011011001101100110000010010001101000010100000101100101101000101001011000001001100010
10010101101010111011011001110010011101101000111111101011011010011101111001010001011011100011100111011011010111010111001101111010
01010011010100100000011100100000100010101001111100001100101000111101001001010011100001100011001100001111001000101100111000100000
10010011011010101110101011010110001011111100111101101110000010000011111001101111111000100100011110000000010010111010100101001100
01011101100101110110110010101101001011100101111110101011111001100011001100100111101000101111000010000100000101001011110110110000
10001100101011000010001101001011101010111011011111000010000101111100110101011110100101000000010000101111110111001111111010011100
01010001011111110011010110011011011100100011011100011011110010111100100000011101000111001001101011100111100110111110011101100010
10000000001111010111100001011111110110110111111000100001011110100011110110100000001100101110111001001100001110111000010001001110
01101110111110000011010000000010111000101110111100011110011101000011100000100011101110101111010101111000101011000111100011000100
10001110111110100111100111101110010001110000111000100100010101111110101010011000100011011000110111000111001001001001111011001100
01100010001110011110111110010110100111111000111110110010000110011111101101011010010011100000011100011011001010110000000000010100
10010111001100110001000011110000001100111100011010000100011011000000101110110110001110010100001110100000100000100100001100111100
01101000111111101010011010001011000010111001010001010001001100000000101001110000011000000100111010110000100101010101111011000110
10011001001101110100101100110101101010111110111000000001001000011111100111001101010111110010001000111011100101010011100110100010
01110101111110101111101100101111011100010111110011010100011011011111100011001100110101101010100011111111110000101000110101000100
10010100111101001100101010101101111011111011111110101100100011000000100011111001111000010001100000011000001110100110111101100000
01111011001110011111100010111110101101010010110011110100010000100001110110111110000000011000001101011101011001011111011110110000
00101010001100011001001110011000010100110101011111001110111100011110101111000011011001011111011111110110101011010111010000110000
01110100111101000001000110100000101000011100010001010001011011111110110110000001101011011110000100000110111110101110100110100010
00100110101100101101101100000100000000100000101101001011110111100001101110111111100100111011010111110111110010111000101010100010
01101000011101010100100100010101010110011001110111011100000001100001111011111001000111110011101010100011110111101011000001110000
00101001011101101000100010010001101111101110101111111011100101111110100010000100101100011101111000011100010101101101001101000100
01100110101100110100100000001101010011011111110100111110000110011111111111000111001110010101010001001000010010010100111010110000
00100101101111110000010110000011111010101011001011011110101110100000110101111010000011010011110000011011111000011010100111010100
00101111011000100001001111001000101100010111010100011011111101000000110111111111110011010011010101001011011001100001110100000011
00111111001110000110110000101110111110101001100001010011100001011111111101000010101110100100000111100000111001101111111100000110
00000001111001011101101001010100101100000000110110011011110110011111110010001000011000111111111110100100101100010010011111011101
00110000111110010011011110111010000101100100100010110001111010000000011001110100010111000000101111001011010110000110010011000100
00011101001011001000101101100001011011000100110000111110111001100010101110110000110101011001100010100111001101110111100101011101
00111100001111110011011010100111010000100010000000010100110000011100011000001101011000101110100000001100010111110001101001110100
00010010011010001000000011110011010111001011010011110011101001111100101110001110100100011110001000011100000010001010000010001111
00100010001110101110111100010111110110101100100100010101000101100011010100110111111001101000001000100110111010000100001000100010
00011110111010111110100101101110100000001111110011010001100010100011100001110100001011100000000101111010100111111100111011011101
00101111111110011010010000001010101011101001000110110001001110111100010000001011000100000110010111100101001001111000100110110000
00000001001011101011010001101010101101000000110001110100111101011100100001001001100110000100101111110001101110001001110101111001
00100001001101001111010011001100001100111111000101011100000101100010001001110001101111100011111111011010000100001111111101110000
00001101101011000011010011010111011101000100011111100101110110000010101101110011001111101010011010011110001001101000011110101011
00011000101101001111110101011101010100010110100111011110011010011101001101001110100010100001111000111001100101101110010011000010
00000111011010010110111101000111011010000110111101000001011100011101101000000111010000101000010000011101110000010111100100111001
00010110011100110001010001100001110011010000000011111011011000000010000001111110001111001111000000110110101010011011100000010100
00011000101000100010011001011010100111001011111100101100001011100010101000111101111001001111111101100110110101100010000011111001
00010010101000100100011111110100100110010101000001111010000011011100000010000000110111111011101111010101001111100100001011011100
00011100001001110111011111001100100001011101011110101110000000111100110100000010010101100011110111000001011110010111111001001011
00001101001001010100111001101000001000011011100011011110001100100011001110111000011000011101100111011110100110010001100101001110
00010010111001111111110011101101011100010000111000001011011011100011110001111010100100100101001010001010011011110000110010011101
00000001111011010001001101101001011101011110000000110111100111111000001110010111111001010010001001100001110001010000111110011100
00101111001000001001010100110001001011010110111000101010010000011000011001010100101011000011000000101001110110101001011111001101
00001111001010101101100011010111110100010000000100110001110101100101000011101101100100110100010000000011011000100111010110111100
00100001001000011100010010100100101011010011011010101110000110000100011101101100000110101101100101100111010101011100100101001111
00010010001010111000100101000010100010000000101110010100111110011011010111011001001111010000110110001000111101011010100001101010
00101000111001101100111110011000110100011001111001000111001101011011010010011111101111011000011111000100001000101011000010111101
00011000111011101000000001010010000111000111001100100101100001000100010111100011100010011110111111101111110110101111001010111000
00110110001010100001011100001001010001011100111111100000100110100100010010100011010000011110010010111111101001000110111000101001
01010111001011001111100011001111011001001011001110100001101010011011011010011110001011111000010001100100010011001000100100111000
00111010101010110101101010010111001101011010011111100100111001111010011110011001011001110000111000110000000110110101110011100011
01101011101010011011101111101011111100001100101011001000100001100101011110100100010100010110101000000111010110111001111111001010
00110101011011000000101110010010101010010100101101000101111011100101001111100111110100010100110101010011000111000000011100110001
01100101010000100011001000110110100011000000001001101111110101111010010110011000110001000011100110111000101101000110010101011100
00101001101011010000000000100110111011000001101110000001100010011010000011011110000111011010001111011000101010110101100110100001
01101000100001110110101110100100010011000111001011101011011110100101010001100010011000100101001111111011001000110011100010001100
00100111001110111111100110111111010101101111001000101010101101000100000111100000101010111000001011111111101001011010000101000011
01110110000001110010100010010001010100000011101011001010000101011011001001010101100100001111011001010000000001010110001011001110
