100
 
1111000001011011101010110010011010100100110100000110110110100101110110100110011111010111100111011101011111111110011010000001111110011010110100000100100010010101110000001101100101101000100100010000011010101111111110000001101011101001101010011100111111000111
0001110010100111010000001111000001100101010000001101110010000110000010010111110111000010101100010010100110011000111101001101011111010110001101011010001111101111100000111110000110000000101100101000110110000010111001001110001101010111100011111101101001011011
0100111111000101101011111010101001100100000110011011011011110010101001011111000011100010001100101001011110110111100100100101101010100111010001110111000000100111100010100011100110101001100000100011110101011001111001000110011010101000110000000001000010110100
0010001000110000011011000000101000100111101000010001111111001001101101100111001111110110000111110010100110110000010000101000011101101011001100111001111100010001010011111011100101010010111101000011001111011101111100010100000100010100111001110000010011111000
0111011001010010100101100101000001100110011000010001100011101011000111000110111111101010111110101101010101001111010111011100101100011000110110010111010111001011000011000100000001010011110101111100000011010110110000011100110000101010100000001111001000100001
1101111100100100011110010010101001100111100110011110000010011100100010111100011011111010011011011110101101001000100010110100000000011100101011001000111010011011000011011101100010111001011001010100111001001011110101011110100111010100100011111110011110101100
1000101111010100100100101111111110100100000000111100100110101110001000010100100111011111010001000101010100101111101011111001110011100001110111100110000111100001010011000010100010010000000001101111010111000001110110010000001001101000111010010010100101100000
1110000010111011010100011010010111100101110100110010001010001110011101110101000110001011110000011010100100000001111110000111000110100000001111101010001000110111100011111011000000000111000100101111010111011100110010111000011111010110010011100111110110111111
1011010011101011101011100001011111100100111010101010001010011101110111101101111010011011101011100001011101000110011001001010100111011100011010010100110100101101100011101110100001101111001010010100101001110001111111101011001000101000000100011100101000110111
0100100100011101010001000100111110100011001110101101100111101011010111000100011110000111000010110010100101100001001100100010010010011111000010111011011111000101110011110001100011000110000010111100100011110011111110100011111100010000001101101001000011101010
0000100101111100101010110000100101100011101000100111000011001000111000110100000110100111100000101101000110001110110000111110000101100011111101110101110010010111100011011000000110101101011111011011011111101110011010100101110010101110001100010001010000001110
0011010000001010011000001111001101100010010110100101011101111010111000011100100010110010101001110110111110001001110011010011111101100110100001001101101111101101100011000101100100111101010011100011010101100101011101101111000101010000010111100100001111000111
1111010111101010110100111010101100100001110110101001111100011001010111100101011110100110000100001101000011101110000110111011011000011110111000000011001001111000010011011111100100010110011011101000110101111001000000100111010011101110011110001011011101011010
1000001110011101001111100001100101100000001000101011011000101101100101100111111110111110010111010010110011010000000011100111101001011011000100101100100100100010000010100010000111111111000111010000101011110010000000110101001111010010101111111010100110010100
1100111011100111110101000100011111100001101110110100110100011111101001011110001010011010111110010001001010010111111110000010011110100011011101110010011111011000000010110001101111011001001010110011000001111111000101111111101100101100100100000110110111011001
1011111000000011000011110001010110100010111010110110110101110100001010110010100110001100011100101010110010110000111101001100101111100100001001011110110010001000010010101100101100000000100010001011001101101101000010111010111010010010111101110111101001000001
0111001101010000111000001110110111100011000100111110011001100010100110000010110110011101010101110101000010111101001000100100000010011000110110010000111111010110100010010101001010101001100110100100110111000000001110110000000100101110111100100000000010001100
0100001100110100000000111010011111101010100010111000111101010001000101101011011010001001111100101110111001011010011100111001110100011001111110101111000001110100100010001010101011000010111110100100111001001001001111111000010011010000100011011001010001000000
0000110010000110111010000001010110101101010110110011100101110001001001100011101110100101101111011101000001111100110011010101000101100100100011000001101100101100110010010011101001100010110011011111001001010110001011101010000111101110100010111100001111111111
1111100011110011001101100100100001101100111000100101000000000010111011010010000111110101000111000010100000110011100010011100100000100100011111001101000111010110100010101110001001111001111111110111100111011110001110100000101001010110111011000000011100110110
1011000110011001110111010001101001101101001110101101100100110100010110111000110011100001101000011001011000010100000111100000010001010011000110110011111010000000100010110101101010010000100101001100101101000001000001100100111110101000010000110011100111101010
1100010101101011001111101110000000101100001110101011001010010110010100000000000111100100101001100010100001110011010010001100001110011111011010111100110111011010010010100001101010110110101000101000010101001000000001101110001000010110010001001110110000101111
1000110000011110110100011011100001101111110000100000001011100101111001100001001111110100000000111101010001101100101101000101111110101110100011010010011001101010000011111110011101011111100100000011011011001110000100000100011100101011001000111111101010100011
0011101101111100000010100010111011101110010110000010100111000101011011011001111011001000010010101110101000001011101100111011011011100010110101001010100100110000000011000111111101010110111100011011101001010111000001010101110011010101000011010001000001111000
0111011110101000101001000100010010101111101010001110000011010010110111011001010111011100111011110101010010001101011000111111101100010011101000100101001111111010010011011010111111101100111000110000100101111000001101011111100101101011010010100100010000110100
0000011011001011010011110001010011101100001100011100011011100000100100100000100111011100010000001010101011100010011111010010011101011111010000001011010010001110100011000001011110001101010101000000001111100000011110011011110011010111011011011101001110111001
0100101000110111101011001110111011101101111010010011111110001010001000001000001011001001010001010001011011000101000010011010100000101000001101010101111111010101100011111100111100100110011101101011010000101101011011010001001100101001100100101000011101100000
1011101101000101011100111111100010101100000110011001011010111001101011101001111111110001111100010010000011000010100011100110000001100001110101111001010001100111110011101101111001101111000001010111111000100110011111011011001100011111100101010010100110001100
1111111100100000100110100010001001111011000000011001110010001101000101010011110111100101101110101101111010101101110110001011110111010101101000110110100100111111100011110010011011011001001001010100100110110010010110001011111010100111111100100111110001000011
1100000011010010011100000101101001111010110110010111110111101110000101011011000001100001000111110110011010001010000001000011000010011100110110001000001111101001100011011011111010110000000100111100000100111001010001000001100101011001111111001110101011011111
0000000010110100100111110000100000111010011110010100011011011100101010101010100101110011101100101101100001001100001100111110110011101000001111000110000010010011010011000101111000011011011000000110001000110100010101000110110011100111100110111011000000010110
0111110111100101010011001101001001011001101000001010111101101011011010000010011100000110101101010010011001110011111000110000011110110111011011101010111101011011000001011100010000010011010010101111110010101110010000001110000111011011101111000101010111001010
0011110000011011101001111111011011011000000110001010100100001001010101111011111000011010000111000001101100110100111011011100001101010111000010110101010001101001000000100001110011100010010110011101111000000011011000000100001000100101101100110100001101001111
0100000001111011010010000010110110011001110010000100000000011011110101011011000100011010011110011010010100010001001110000101111000000010111110010011111100110111010000111110110111001001011011010000000100011110011101010100111110011011010101101001011110000010
1000011100001100001100100101011111011010010100000110101100111010011011100011100100001110111011100101101101111110010011101001011000101010100010111101000111100101100000101111010100100001000011101010100110011100011010011010101000100101011100011000100111011000
1011111111111100111100010000011111011011001010001101001100001100111010101010111000111010010000111110011101111000110110001101101111111111111001100001001010011101100000010010010110100110001111001011101010010001011110011000111111011001001011111110110000110101
1111101010011010010111101101100110011010101110011001001001111111110100011000011100101011010000101101100100011111100101000100011010010010000101001010100101000111110000001001110111011111100010100001010000001010010111010000010011100111000010000011101010111001
0000001011101011101101011110101101011101011000010011100101010101000100110000100000100111101011110010011110110000000000111000100011000000011000000100011001010101100000010100010101110100111010011000011110000110000010111011000101011001010011110010001001100000
0100011100001101010010100011001101011100110110010101000101100110101011011101000000110011100010001000111110110111011100110100000110101101000000111010110100101001100000101100010101011100110110010010100110011101000110101001110010110001011000001111010110101100
0011101101010111101000000111100100011101000110011100011000010010001011101101110100000011000011010011000111010000111011011101110101111001110101110110101111101010010000110011110010011101111110100111101000110000000001100101101100001111000001111100001100100011
0111100000100011011000110000111101011100111000111110111100110000000100100100011000000111101000001100111111101111101010000011000001010000111101011001000010010000000000101010010010100110101011001101001010110010001000100111001100110001100000010000011111111110
1100110010000000100011001101010111011111111110110000010010100011100110011100001000011110100000101111001110101101011111101110110000000100100010010111101100001000000001111101010001001110100111110100010010101111001100101111011011001100111010100001100000110110
1000000111110100011101111110010110011110001010100010110010010101001010111100100100001010010111110100110110001010010010000010011111101111011110101001010001011110010001000100110001101001101101011110111100100110001001100101000101110010110011011100110010101011
1111000010010110100111100011111111011111100100101111110111110110011001000101010001111110011110101011001101000101100101011010101010111011000111000101110100100100100001011001010011100000100001111111100110111000001110110111110011001100100010101011101001001111
1011110001100011010100000110010111011100010010100101011011000110110101101111111001111110111111010000110101100010100101110111111011010110011011001010111111110100100001000110010110001010111100100101001010110001000110111011100100110000101101010011001000000000
0100111100011001101100110001000110010101110110100011111011100101010110011110001101101000010101000011000100000101110000110011011110000110100010110100000010101110110001111111110100110011110100001000001000111110000011111000001000001110101100100110010111011000
0000001101111001010010001101101001010100001000101001100110010011111010010110110001110101011100011100111100001010001111011011101100101011110110111010101100001000100001100010010101010010011000111010110110100110000110110000011110110000010101001111001101010101
0011011010101110101001111100100001010011101110101000000010100001111000110110110001000101101111100111000101101100001010000110010001111000101011010111000001010010100001110000010111011001000101010011011110000001100010111010001001001000011110111000011110011000
1111111011001100001011000011000000010010110111110110101010001010010101001111000101000001100110111100100101001011111011101000100000011100010001001101111100101010010001001101111110110001001101101001000000001000101001101000110111110110001111000000100001000100
1000101100111000110011100110011001010011010001110100001110011010100111100111101001010101001000100011011100010100111110100100000101000001001100100011110111111000000001000110011100000110001001100000101011010110111101100100110011001000000110110101110011001111
1100001101001011001100010001110011010001100111111010001011101101101010010110011001000101101001110000100110110001000001011101110010100001110000101101011010100010000001011011011000101111000001000010100111011111111000100110000100110100011101101000101000000011
1011010000100111110110101100010010010000011011111011100101001111001000011110110101111000100000001011010110110110000101110001000011111100101001010000100100010110010000100010111011100101011100111111010101000010111001101100010010001010011100011011001111111110
0110100111010101000100011101011011010001111101110001010101111100100000100100000001111100010011010100101011011000110000111100111111011100110101111110001001001100100000111101011011001100010000010101011111001000111111000101001100110100000001111111010100110110
0100100110100000111111100010100011010010001011100111011000001110000111000101001001101100011010001111010011111111101011000100011100000011001100110000010100000111100000100100011000111101011010100100110011001101110010010111101011001010100010000110001110101011
0001010011000010000011010110101010010011000111101101111100101000001111111101111101111000110000101100100010110000001110001000101001100111011010001110111111110111110000010001111010010111000110101110101001010110110111011011111011110110111011110011011101101100
0101010000010110111000110001001001010010110001101001010100011001110000010101011001000000010001110011011010010111011011101101111000111110000111000011010010101001100000001010011010011010001011010111000111111011110111011001000101000000110000001100100000100000
1010001101110101001010001000100001010101010111100010110001111011010010110100100000000101011100101000000001110000111110100011001101011011111111101101101100011011100000010110011101111001100011111101010111100001110010010011010010111010110001111100110010111001
1110111100001011110100111101101000010100101111000100111101101100111110101100000100010001101111010011100001101111100101011011101010000011100010110011000001000011010000101001111101000000100111011000111001101100111101011011000100000110101000000001101001110101
1001111011111011001101100010011001010101001001001110011101011110111101000101111000000001100111001100011000001001010001110110010010100100111010011101000100011001000000110000011110101010111011100010110001100011111001001001101000111000100011100000001110111000
0001001010011100110111010111010010010110110111011110101001110101010001110111011000110101001100011111100000001110010100111010100111111000000110110000111111101111000010101101011110100011110010101011001111110011111000000110111111000110010010011111010100100101
0110001111101100010101110010111110010111010011010001100100000101110010011111000100111011101101100100010001100001100011000010000100011001011001101010010010110111010011111110111101000000111110010001000101111110111101000110001001111010011011101110000111001111
0010111000001010101010001000011111010110000101010011000000110011101110100010100000101010100100111011101001000110101010001111110001000101000001000100111100110101100011000011011001111000100110110000110101110101100001001100010111000101000100010010011000000010
0101100001011011010000111101000110010111111001011101101010010000001100100010011000111110011110100000010001000001111111100011000000100100110100001010000001001111100011011010011011010101101011001010011011101001100110000100110000111011000101100111100011011110
1001000100101101101000000010101110010100011111010101001111100010100001011011111100011010011111110011101010101110011010111010111101110000101100110111001100010101110011000101111010010110100111100111010001000010100110010010100100000111011100001100110001010111
1110010110000111011011110111101101010101101001010010000011010001000011110011001000001010110000001100011010001000001101010100011011011111100001111001100111100001100011111100011000111110111101100101101101011111100011011000110010111001011111111001101010001011
1110110011110010100101010010000100010100000001001000100011110101001110000011100010010110010001010111100011001111110101110000101010001111011101010111011010111011100011100000010001010101111001011100100111011101101110011000001101000111000110000001001111001100
0001100010000000011111101001111100010011110111001010010111100110101100101010110110000011001000001100001011110000110000111101111111100010000110001000110100101000010011111011110011101100010100110110011001010000101000010010001011111111101111110100010101000001
0101011101100100100100011100111101010010111001000110011010000100010000100000011010100011100010110011111010110101000111000101001110110011011010100100111001010000000011001110010111101111011100001111011001001011101001111001111011000001101100101011000110011001
0010011100010111010100100000010110010011001101000101111010110010010011010000101011110111100011110000000010010010000010001001100001011111100111001010000100010110000011010001010100000111000000101101110111000111101100101101100100111111110101011010011001110100
0110101001110011101011010111011110010001101011001011010110000001111101111001000111101011001000101011111011111100111011100100010000001000111111010100101111101100010011011000110100101010001100010000101101011110100000100111110010000011111100110110100010111000
1001101010101001110001110010110111010000010101011001110011101001011101001001110011111011100001010100001001111011101110111100100100100000101010110011010011110100100110100101010111111001000101011010000001110001100101100111000100111101101011000111110000100111
1001111111011100001011001001100110010001110001010001111111011010110010100000011011011110110111001111110000011100001001010000000011110101010010111101111100100110100110111110010101010001011001111011011011111001100110101101001011000011100010110000101111101111
1110000000111110111010111100001110010010000111010110011101101100110010011000001111001110011110011100001100110011011101111101110010011101001111000101110001011000110110100011110100111010010001000001111000101110100010100111111111111101010011001001001100100010
1010000001001100010100100001100001010011101001011100101000001111001101011000111011011010011111100011111100110100110000100011001111001000110001001011000100001000100110010010000010010011010100101001110100100111111111110011101001000001011000111101010110111111
0101110100101001101110010110100000011010111001111010100100011101101101100001010111000110110100111000000101010011100011001010111110110100101000100100101111010010100110001100000010000001011000010010001110101001111110111000110110111111000001000000000001110011
0001100111011011010101111011011000011101000111110010000100101101000011001011100111100100011100100011111101101101000110000110011001110111110100111010000011111000010110010101100001101000000010010110000000110000111010111000010000000101000000100011011000101000
0110000010100111100111001011010001011100100001100101101000001010000010101010001011110001001111111100011110101010010011100010101001000010001101010110111100101010000110101010000001000101001110111101111000111101111101110010000100111001011011011110100011001100
1110010011000101011011111100110010011101010101101111001101111000101100010010111111100101100110001111100110001101101110111011111100001110011001111000110001010110000110110011000010100110100011000101010110100111110001111000110011000111010010101110110001000001
1001111100010000100000000001011010011110111011101101000101011011001101011010110111110101101011010100011111000010101101010111000011111111000100110111011100000100010110101110100110111110111011101110010100000010110000101100101101111001000011010011101110011001
1101101101110010011010110110010011011111001101100001100001101101010011101011000011011001001000001011101111100101011001011011100010110011111110001001100111011111100111110001000100010101110111011110101000001001110101100110001011000101101100100100001101010100
1010011000000110101100011011100010011110001001101011010100011111110011000011101110001101100000110000010110000010011100100010010111000000100011000101001011100111100111000000000101111100111011010101100010010101110011100100011100111011101101001101010111011001
0110011111110101010111101010101010011111110111101100011100110110011100111010011110011100110011110011101110001100000011001100100110001100111111101011000100110001110111011101100111011110100010101001011010011110111110101101000100000100110100111000000000000111
0101101110011011101111011101000001011100010001110110111010100100111100011010111010011000011010101100010111101011100010000000000000111001000110110100111001111011100111000110001110000111100110001010010100000011111111001111110010111000111111000000011011001110
0001100011101011010100100001101000011101100001110110010110010011110011100000000110100100010011010111100101001100110111111101110101110001011010011010010100001011100111111010001100101010101110100010110110001001011011010011100101000110101110110111100001000010
1110110000011100100010010110111000011000001111111000110011110001000001101101100110110100110001001100111100010011000010110101001100000100000010010010101111010001010111100001101001001000100010011001101010001100011110011001001011110000100111101110110110011111
1010000101111100001000111111010001011011111001111011111011000010101101011101111010100000111100010011010100110110001101011000111001001100110101101100000011101011000111111100101011100001111111010001000000010001010001011011011111001000011100011011111111110011
1101000100101010110001001010011010011010000101110101011111110010101110110101011110100001000111100000100100110001111101011100011010111011101001000011001100111111000111000101001011111010110101100010011110111011000001010011001000110110011101110101001100101000
1001110010001011001011111101111110011011000011100101100010010100000010011100100110110101100110111011011101011111111000100100101111110110100000001101110001100101010111010010101000010011011001001110110110100110000100010001110110001000000100000100010110100101
0010110011111101111101100000100111011000110101101011100010100111100001101100000010001001101100100100100101111000001111001001111111000110011100110001010100010111100101001011101000110001000100110101111000101101000001001111110000110100001011111001000001100001
0110001110000101000110010101001110011000011001101000000110010101001101100101110110011001001101111111010110111111010010000111000000001011000101111110111111001101100100100110001011011000001100010101001010100001001101000110000111001010011010001000011010111000
0001011101100010111100111111101110011001101111100010101011010110011111011111011110011111000100001100101110010000110011111011100101111011011001010000000011001001110100111101101101010111001000111110100010110010001110000100010011110100010011111110101000110100
0101111000010000000100001010100101011010001001000110001011100010110010111111001010001010111111010011010011110111100110110010010100111100100110001110001100110011100100100001101101100111000100100110101100111111001011001100001101001010010000000011110111111011
1010101101110100110011111101001100011011110001001100000101001001010000000110100111111010011110001000100011110101000001011110100001000000111110100010100001101001100100011110001110001110011101001101010110110100001111001010101010110110101000100010111100100111
1110001110100111001001000000011100011010010111011011100001111011111101100110010111100110010000110011011010001010011101000010010010000001101011001101011100011000010100001111101110100101010001111001011010101000000110010000111100001000100001011111001111001110
1101010011010011110011110101110101011101001001010001011100001101111111011111111011100010110001101100100010001101111000101011111110111101010011010011110111000110000100010010101101101101011101010010101000000001000000011000000100110010110010101101010001000011
0000100000111001001000011110011110011100101101010001011100101110010111010111001111110010101000101111000011101010101001000111001111111100001110111101111011010100000100101001001101011110000101101010100111011110000101011010010011001110111011010000000010011111
0110100101001100111100101011010110011101011011011111111000011110100000110111100111000111000011010100111001000101011110000010111000000011110010110001000100101100010100110100101010110111001000100001001111011110000000010001000101110000100010100001011011010000
0011010100111110010110011110100111011110100101011100010101101101101000001110110011011011100011001011000001000010010011111000011101000111101011001010101001100110100100101101101010011000100000000001010001010001001000110101101011001110100101001100101001001000
0101010011011100101101100000101110011111000001010010110101001011001111100100000111011011101000010000110000100100000110110100101100111110110101000100010100010100100101010010001000011000100110111010111011001000011101101111111100110010111100111010110110000101
1000000010101001010011010101000110011110110110001010111001011000100101010100101111001111000001100011001000001011100101011001110001111010001000101010111110001000110101001011100001100001111011010110100111000110011010100111001000001100011101000011111101000001
