@1000 
2 0 0 0
@1004 
1 0 0 0
@1008 
2 0 0 0
@100C 
2 0 0 0
@1010 
0 0 0 0
@1014 
0 0 0 0
@1018 
0 0 0 0
@101C 
1 0 0 0
@1020 
0 0 0 0
@1024 
1 0 0 0
@1028 
1 0 0 0
@102C 
0 0 0 0
@1030 
1 0 0 0
@1034 
1 0 0 0
@1038 
2 0 0 0
@103C 
1 0 0 0
@1040 
1 0 0 0
@1044 
2 0 0 0
@1048 
1 0 0 0
@104C 
2 0 0 0
@1050 
1 0 0 0
@1054 
1 0 0 0
@1058 
0 0 0 0
@105C 
1 0 0 0
@1060 
0 0 0 0
@1064 
0 0 0 0
@1068 
0 0 0 0
@106C 
2 0 0 0
@1070 
1 0 0 0
@1074 
1 0 0 0
@1078 
0 0 0 0
@107C 
0 0 0 0
@1080 
1 0 0 0
@1084 
0 0 0 0
@1088 
0 0 0 0
@108C 
2 0 0 0
@1090 
2 0 0 0
@1094 
1 0 0 0
@1098 
1 0 0 0
@109C 
0 0 0 0
@10A0 
0 0 0 0
@10A4 
0 0 0 0
@10A8 
2 0 0 0
@10AC 
2 0 0 0
@10B0 
2 0 0 0
@10B4 
2 0 0 0
@10B8 
0 0 0 0
@10BC 
1 0 0 0
@10C0 
1 0 0 0
@10C4 
0 0 0 0
@10C8 
2 0 0 0
@10CC 
0 0 0 0
@10D0 
0 0 0 0
@10D4 
2 0 0 0
@10D8 
1 0 0 0
@10DC 
1 0 0 0
@10E0 
1 0 0 0
@10E4 
0 0 0 0
@10E8 
2 0 0 0
@10EC 
0 0 0 0
@10F0 
1 0 0 0
@10F4 
1 0 0 0
@10F8 
2 0 0 0
@10FC 
2 0 0 0
@1100 
1 0 0 0
@1104 
2 0 0 0
@1108 
0 0 0 0
@110C 
0 0 0 0
@1110 
0 0 0 0
@1114 
2 0 0 0
@1118 
0 0 0 0
@111C 
0 0 0 0
@1120 
1 0 0 0
@1124 
0 0 0 0
@1128 
1 0 0 0
@112C 
1 0 0 0
@1130 
0 0 0 0
@1134 
1 0 0 0
@1138 
1 0 0 0
@113C 
1 0 0 0
@1140 
0 0 0 0
@1144 
0 0 0 0
@1148 
0 0 0 0
@114C 
2 0 0 0
@1150 
0 0 0 0
@1154 
1 0 0 0
@1158 
0 0 0 0
@115C 
2 0 0 0
@1160 
0 0 0 0
@1164 
2 0 0 0
@1168 
0 0 0 0
@116C 
0 0 0 0
@1170 
2 0 0 0
@1174 
0 0 0 0
@1178 
0 0 0 0
@117C 
1 0 0 0
@1180 
0 0 0 0
@1184 
1 0 0 0
@1188 
0 0 0 0
@118C 
1 0 0 0
@1190 
2 0 0 0
@1194 
1 0 0 0
@1198 
2 0 0 0
@119C 
0 0 0 0
@11A0 
2 0 0 0
@11A4 
2 0 0 0
@11A8 
0 0 0 0
@11AC 
0 0 0 0
@11B0 
0 0 0 0
@11B4 
1 0 0 0
@11B8 
1 0 0 0
@11BC 
2 0 0 0
@11C0 
0 0 0 0
@11C4 
2 0 0 0
@11C8 
2 0 0 0
@11CC 
0 0 0 0
@11D0 
2 0 0 0
@11D4 
2 0 0 0
@11D8 
1 0 0 0
@11DC 
0 0 0 0
@11E0 
1 0 0 0
@11E4 
2 0 0 0
@11E8 
1 0 0 0
@11EC 
2 0 0 0
@11F0 
1 0 0 0
@11F4 
1 0 0 0
@11F8 
2 0 0 0
@11FC 
0 0 0 0
@1200 
1 0 0 0
@1204 
0 0 0 0
@1208 
0 0 0 0
@120C 
2 0 0 0
@1210 
1 0 0 0
@1214 
1 0 0 0
@1218 
2 0 0 0
@121C 
1 0 0 0
@1220 
1 0 0 0
@1224 
1 0 0 0
@1228 
1 0 0 0
@122C 
2 0 0 0
@1230 
0 0 0 0
@1234 
1 0 0 0
@1238 
2 0 0 0
@123C 
1 0 0 0
@1240 
1 0 0 0
@1244 
0 0 0 0
@1248 
1 0 0 0
@124C 
2 0 0 0
@1250 
1 0 0 0
@1254 
0 0 0 0
@1258 
2 0 0 0
@125C 
1 0 0 0
@1260 
1 0 0 0
@1264 
0 0 0 0
@1268 
0 0 0 0
@126C 
2 0 0 0
@1270 
0 0 0 0
@1274 
2 0 0 0
@1278 
0 0 0 0
@127C 
1 0 0 0
@1280 
1 0 0 0
@1284 
2 0 0 0
@1288 
2 0 0 0
@128C 
0 0 0 0
@1290 
0 0 0 0
@1294 
2 0 0 0
@1298 
0 0 0 0
@129C 
0 0 0 0
@12A0 
1 0 0 0
@12A4 
2 0 0 0
@12A8 
1 0 0 0
@12AC 
0 0 0 0
@12B0 
1 0 0 0
@12B4 
2 0 0 0
@12B8 
0 0 0 0
@12BC 
2 0 0 0
@12C0 
2 0 0 0
@12C4 
0 0 0 0
@12C8 
0 0 0 0
@12CC 
2 0 0 0
@12D0 
2 0 0 0
@12D4 
0 0 0 0
@12D8 
1 0 0 0
@12DC 
2 0 0 0
@12E0 
2 0 0 0
@12E4 
2 0 0 0
@12E8 
1 0 0 0
@12EC 
1 0 0 0
@12F0 
0 0 0 0
@12F4 
2 0 0 0
@12F8 
2 0 0 0
@12FC 
1 0 0 0
@1300 
2 0 0 0
@1304 
1 0 0 0
@1308 
1 0 0 0
@130C 
1 0 0 0
@1310 
1 0 0 0
@1314 
1 0 0 0
@1318 
1 0 0 0
@131C 
0 0 0 0
@1320 
1 0 0 0
@1324 
0 0 0 0
@1328 
2 0 0 0
@132C 
0 0 0 0
@1330 
2 0 0 0
@1334 
2 0 0 0
@1338 
0 0 0 0
@133C 
1 0 0 0
@1340 
0 0 0 0
@1344 
1 0 0 0
@1348 
1 0 0 0
@134C 
1 0 0 0
@1350 
1 0 0 0
@1354 
1 0 0 0
@1358 
1 0 0 0
@135C 
1 0 0 0
@1360 
0 0 0 0
@1364 
0 0 0 0
@1368 
0 0 0 0
@136C 
2 0 0 0
@1370 
1 0 0 0
@1374 
2 0 0 0
@1378 
1 0 0 0
@137C 
1 0 0 0
@1380 
2 0 0 0
@1384 
1 0 0 0
@1388 
1 0 0 0
@138C 
1 0 0 0
@1390 
1 0 0 0
@1394 
1 0 0 0
@1398 
1 0 0 0
@139C 
2 0 0 0
@13A0 
2 0 0 0
@13A4 
2 0 0 0
@13A8 
0 0 0 0
@13AC 
2 0 0 0
@13B0 
2 0 0 0
@13B4 
1 0 0 0
@13B8 
0 0 0 0
@13BC 
2 0 0 0
@13C0 
0 0 0 0
@13C4 
1 0 0 0
@13C8 
1 0 0 0
@13CC 
0 0 0 0
@13D0 
1 0 0 0
@13D4 
1 0 0 0
@13D8 
1 0 0 0
@13DC 
0 0 0 0
@13E0 
1 0 0 0
@13E4 
2 0 0 0
@13E8 
1 0 0 0
@13EC 
1 0 0 0
@13F0 
1 0 0 0
@13F4 
1 0 0 0
@13F8 
1 0 0 0
@13FC 
0 0 0 0
@1400 
2 0 0 0
@1404 
1 0 0 0
@1408 
2 0 0 0
@140C 
2 0 0 0
@1410 
0 0 0 0
@1414 
2 0 0 0
@1418 
0 0 0 0
@141C 
1 0 0 0
@1420 
2 0 0 0
@1424 
1 0 0 0
@1428 
0 0 0 0
@142C 
2 0 0 0
@1430 
0 0 0 0
@1434 
2 0 0 0
@1438 
1 0 0 0
@143C 
0 0 0 0
@1440 
0 0 0 0
@1444 
2 0 0 0
@1448 
1 0 0 0
@144C 
1 0 0 0
@1450 
1 0 0 0
@1454 
2 0 0 0
@1458 
1 0 0 0
@145C 
1 0 0 0
@1460 
1 0 0 0
@1464 
1 0 0 0
@1468 
0 0 0 0
@146C 
1 0 0 0
@1470 
0 0 0 0
@1474 
0 0 0 0
@1478 
1 0 0 0
@147C 
1 0 0 0
@1480 
0 0 0 0
@1484 
2 0 0 0
@1488 
0 0 0 0
@148C 
0 0 0 0
@1490 
0 0 0 0
@1494 
0 0 0 0
@1498 
1 0 0 0
@149C 
0 0 0 0
@14A0 
0 0 0 0
@14A4 
1 0 0 0
@14A8 
1 0 0 0
@14AC 
1 0 0 0
@14B0 
1 0 0 0
@14B4 
0 0 0 0
@14B8 
1 0 0 0
@14BC 
2 0 0 0
@14C0 
1 0 0 0
@14C4 
2 0 0 0
@14C8 
0 0 0 0
@14CC 
0 0 0 0
@14D0 
2 0 0 0
@14D4 
2 0 0 0
@14D8 
1 0 0 0
@14DC 
2 0 0 0
@14E0 
2 0 0 0
@14E4 
1 0 0 0
@14E8 
2 0 0 0
@14EC 
0 0 0 0
@14F0 
2 0 0 0
@14F4 
2 0 0 0
@14F8 
2 0 0 0
@14FC 
2 0 0 0
@1500 
1 0 0 0
@1504 
2 0 0 0
@1508 
1 0 0 0
@150C 
1 0 0 0
@1510 
1 0 0 0
@1514 
1 0 0 0
@1518 
2 0 0 0
@151C 
0 0 0 0
@1520 
1 0 0 0
@1524 
0 0 0 0
@1528 
0 0 0 0
@152C 
2 0 0 0
@1530 
1 0 0 0
@1534 
1 0 0 0
@1538 
0 0 0 0
@153C 
2 0 0 0
@1540 
0 0 0 0
@1544 
0 0 0 0
@1548 
0 0 0 0
@154C 
1 0 0 0
@1550 
1 0 0 0
@1554 
1 0 0 0
@1558 
2 0 0 0
@155C 
0 0 0 0
@1560 
1 0 0 0
@1564 
2 0 0 0
@1568 
1 0 0 0
@156C 
0 0 0 0
@1570 
1 0 0 0
@1574 
2 0 0 0
@1578 
2 0 0 0
@157C 
1 0 0 0
@1580 
2 0 0 0
@1584 
0 0 0 0
@1588 
2 0 0 0
@158C 
1 0 0 0
@1590 
1 0 0 0
@1594 
1 0 0 0
@1598 
2 0 0 0
@159C 
0 0 0 0
@15A0 
0 0 0 0
@15A4 
0 0 0 0
@15A8 
0 0 0 0
@15AC 
2 0 0 0
@15B0 
0 0 0 0
@15B4 
2 0 0 0
@15B8 
2 0 0 0
@15BC 
2 0 0 0
@15C0 
0 0 0 0
@15C4 
1 0 0 0
@15C8 
2 0 0 0
@15CC 
0 0 0 0
@15D0 
2 0 0 0
@15D4 
1 0 0 0
@15D8 
1 0 0 0
@15DC 
2 0 0 0
@15E0 
1 0 0 0
@15E4 
1 0 0 0
@15E8 
1 0 0 0
@15EC 
1 0 0 0
@15F0 
2 0 0 0
@15F4 
2 0 0 0
@15F8 
0 0 0 0
@15FC 
1 0 0 0
@1600 
2 0 0 0
@1604 
2 0 0 0
@1608 
2 0 0 0
@160C 
1 0 0 0
@1610 
2 0 0 0
@1614 
1 0 0 0
@1618 
0 0 0 0
@161C 
1 0 0 0
@1620 
0 0 0 0
@1624 
0 0 0 0
@1628 
0 0 0 0
@162C 
2 0 0 0
@1630 
0 0 0 0
@1634 
1 0 0 0
@1638 
1 0 0 0
@163C 
1 0 0 0
@1640 
2 0 0 0
@1644 
0 0 0 0
@1648 
1 0 0 0
@164C 
2 0 0 0
@1650 
0 0 0 0
@1654 
1 0 0 0
@1658 
1 0 0 0
@165C 
0 0 0 0
@1660 
0 0 0 0
@1664 
2 0 0 0
@1668 
0 0 0 0
@166C 
0 0 0 0
@1670 
0 0 0 0
@1674 
0 0 0 0
@1678 
0 0 0 0
@167C 
1 0 0 0
@1680 
0 0 0 0
@1684 
0 0 0 0
@1688 
2 0 0 0
@168C 
2 0 0 0
@1690 
1 0 0 0
@1694 
0 0 0 0
@1698 
0 0 0 0
@169C 
2 0 0 0
@16A0 
0 0 0 0
@16A4 
0 0 0 0
@16A8 
0 0 0 0
@16AC 
2 0 0 0
@16B0 
0 0 0 0
@16B4 
0 0 0 0
@16B8 
1 0 0 0
@16BC 
0 0 0 0
@16C0 
2 0 0 0
@16C4 
2 0 0 0
@16C8 
0 0 0 0
@16CC 
2 0 0 0
@16D0 
2 0 0 0
@16D4 
2 0 0 0
@16D8 
0 0 0 0
@16DC 
2 0 0 0
@16E0 
0 0 0 0
@16E4 
2 0 0 0
@16E8 
1 0 0 0
@16EC 
2 0 0 0
@16F0 
1 0 0 0
@16F4 
2 0 0 0
@16F8 
0 0 0 0
@16FC 
1 0 0 0
@1700 
2 0 0 0
@1704 
0 0 0 0
@1708 
1 0 0 0
@170C 
2 0 0 0
@1710 
1 0 0 0
@1714 
0 0 0 0
@1718 
2 0 0 0
@171C 
2 0 0 0
@1720 
0 0 0 0
@1724 
0 0 0 0
@1728 
2 0 0 0
@172C 
0 0 0 0
@1730 
0 0 0 0
@1734 
2 0 0 0
@1738 
1 0 0 0
@173C 
1 0 0 0
@1740 
1 0 0 0
@1744 
0 0 0 0
@1748 
2 0 0 0
@174C 
0 0 0 0
@1750 
1 0 0 0
@1754 
1 0 0 0
@1758 
1 0 0 0
@175C 
1 0 0 0
@1760 
2 0 0 0
@1764 
2 0 0 0
@1768 
1 0 0 0
@176C 
2 0 0 0
@1770 
1 0 0 0
@1774 
1 0 0 0
@1778 
2 0 0 0
@177C 
1 0 0 0
@1780 
0 0 0 0
@1784 
0 0 0 0
@1788 
1 0 0 0
@178C 
2 0 0 0
@1790 
0 0 0 0
@1794 
1 0 0 0
@1798 
2 0 0 0
@179C 
0 0 0 0
@17A0 
1 0 0 0
@17A4 
0 0 0 0
@17A8 
2 0 0 0
@17AC 
0 0 0 0
@17B0 
0 0 0 0
@17B4 
1 0 0 0
@17B8 
1 0 0 0
@17BC 
0 0 0 0
@17C0 
1 0 0 0
@17C4 
1 0 0 0
@17C8 
0 0 0 0
@17CC 
0 0 0 0
@17D0 
0 0 0 0
@17D4 
2 0 0 0
@17D8 
1 0 0 0
@17DC 
0 0 0 0
@17E0 
1 0 0 0
@17E4 
0 0 0 0
@17E8 
2 0 0 0
@17EC 
2 0 0 0
@17F0 
1 0 0 0
@17F4 
1 0 0 0
@17F8 
2 0 0 0
@17FC 
1 0 0 0
@1800 
2 0 0 0
@1804 
1 0 0 0
@1808 
2 0 0 0
@180C 
0 0 0 0
@1810 
0 0 0 0
@1814 
2 0 0 0
@1818 
1 0 0 0
@181C 
1 0 0 0
@1820 
1 0 0 0
@1824 
0 0 0 0
@1828 
2 0 0 0
@182C 
2 0 0 0
@1830 
1 0 0 0
@1834 
1 0 0 0
@1838 
0 0 0 0
@183C 
1 0 0 0
@1840 
1 0 0 0
@1844 
1 0 0 0
@1848 
1 0 0 0
@184C 
2 0 0 0
@1850 
1 0 0 0
@1854 
0 0 0 0
@1858 
0 0 0 0
@185C 
1 0 0 0
@1860 
0 0 0 0
@1864 
2 0 0 0
@1868 
2 0 0 0
@186C 
1 0 0 0
@1870 
2 0 0 0
@1874 
0 0 0 0
@1878 
1 0 0 0
@187C 
1 0 0 0
@1880 
1 0 0 0
@1884 
2 0 0 0
@1888 
1 0 0 0
@188C 
0 0 0 0
@1890 
1 0 0 0
@1894 
1 0 0 0
@1898 
2 0 0 0
@189C 
1 0 0 0
@18A0 
1 0 0 0
@18A4 
2 0 0 0
@18A8 
1 0 0 0
@18AC 
1 0 0 0
@18B0 
0 0 0 0
@18B4 
2 0 0 0
@18B8 
0 0 0 0
@18BC 
0 0 0 0
@18C0 
0 0 0 0
@18C4 
2 0 0 0
@18C8 
0 0 0 0
@18CC 
1 0 0 0
@18D0 
0 0 0 0
@18D4 
0 0 0 0
@18D8 
2 0 0 0
@18DC 
0 0 0 0
@18E0 
2 0 0 0
@18E4 
1 0 0 0
@18E8 
0 0 0 0
@18EC 
0 0 0 0
@18F0 
0 0 0 0
@18F4 
0 0 0 0
@18F8 
1 0 0 0
@18FC 
2 0 0 0
@1900 
0 0 0 0
@1904 
0 0 0 0
@1908 
1 0 0 0
@190C 
1 0 0 0
@1910 
2 0 0 0
@1914 
2 0 0 0
@1918 
2 0 0 0
@191C 
0 0 0 0
@1920 
2 0 0 0
@1924 
0 0 0 0
@1928 
0 0 0 0
@192C 
2 0 0 0
@1930 
2 0 0 0
@1934 
1 0 0 0
@1938 
0 0 0 0
@193C 
0 0 0 0
@1940 
1 0 0 0
@1944 
0 0 0 0
@1948 
2 0 0 0
@194C 
2 0 0 0
@1950 
1 0 0 0
@1954 
0 0 0 0
@1958 
1 0 0 0
@195C 
0 0 0 0
@1960 
1 0 0 0
@1964 
0 0 0 0
@1968 
2 0 0 0
@196C 
1 0 0 0
@1970 
1 0 0 0
@1974 
0 0 0 0
@1978 
0 0 0 0
@197C 
1 0 0 0
@1980 
1 0 0 0
@1984 
0 0 0 0
@1988 
0 0 0 0
@198C 
0 0 0 0
@1990 
1 0 0 0
@1994 
0 0 0 0
@1998 
0 0 0 0
@199C 
1 0 0 0
@19A0 
2 0 0 0
@19A4 
2 0 0 0
@19A8 
1 0 0 0
@19AC 
1 0 0 0
@19B0 
1 0 0 0
@19B4 
1 0 0 0
@19B8 
0 0 0 0
@19BC 
0 0 0 0
@19C0 
0 0 0 0
@19C4 
2 0 0 0
@19C8 
2 0 0 0
@19CC 
0 0 0 0
@19D0 
1 0 0 0
@19D4 
0 0 0 0
@19D8 
1 0 0 0
@19DC 
2 0 0 0
@19E0 
0 0 0 0
@19E4 
2 0 0 0
@19E8 
1 0 0 0
@19EC 
0 0 0 0
@19F0 
1 0 0 0
@19F4 
0 0 0 0
@19F8 
0 0 0 0
@19FC 
2 0 0 0
@1A00 
2 0 0 0
@1A04 
1 0 0 0
@1A08 
0 0 0 0
@1A0C 
1 0 0 0
@1A10 
2 0 0 0
@1A14 
1 0 0 0
@1A18 
0 0 0 0
@1A1C 
2 0 0 0
@1A20 
1 0 0 0
@1A24 
2 0 0 0
@1A28 
2 0 0 0
@1A2C 
2 0 0 0
@1A30 
2 0 0 0
@1A34 
0 0 0 0
@1A38 
1 0 0 0
@1A3C 
1 0 0 0
@1A40 
1 0 0 0
@1A44 
2 0 0 0
@1A48 
0 0 0 0
@1A4C 
1 0 0 0
@1A50 
0 0 0 0
@1A54 
0 0 0 0
@1A58 
2 0 0 0
@1A5C 
2 0 0 0
@1A60 
1 0 0 0
@1A64 
2 0 0 0
@1A68 
0 0 0 0
@1A6C 
1 0 0 0
@1A70 
0 0 0 0
@1A74 
2 0 0 0
@1A78 
2 0 0 0
@1A7C 
2 0 0 0
@1A80 
0 0 0 0
@1A84 
2 0 0 0
@1A88 
1 0 0 0
@1A8C 
0 0 0 0
@1A90 
0 0 0 0
@1A94 
2 0 0 0
@1A98 
1 0 0 0
@1A9C 
0 0 0 0
@1AA0 
1 0 0 0
@1AA4 
2 0 0 0
@1AA8 
1 0 0 0
@1AAC 
1 0 0 0
@1AB0 
1 0 0 0
@1AB4 
0 0 0 0
@1AB8 
1 0 0 0
@1ABC 
2 0 0 0
@1AC0 
2 0 0 0
@1AC4 
2 0 0 0
@1AC8 
2 0 0 0
@1ACC 
1 0 0 0
@1AD0 
1 0 0 0
@1AD4 
1 0 0 0
@1AD8 
0 0 0 0
@1ADC 
0 0 0 0
@1AE0 
1 0 0 0
@1AE4 
0 0 0 0
@1AE8 
1 0 0 0
@1AEC 
0 0 0 0
@1AF0 
2 0 0 0
@1AF4 
2 0 0 0
@1AF8 
0 0 0 0
@1AFC 
0 0 0 0
@1B00 
0 0 0 0
@1B04 
1 0 0 0
@1B08 
0 0 0 0
@1B0C 
1 0 0 0
@1B10 
2 0 0 0
@1B14 
1 0 0 0
@1B18 
1 0 0 0
@1B1C 
2 0 0 0
@1B20 
1 0 0 0
@1B24 
2 0 0 0
@1B28 
0 0 0 0
@1B2C 
1 0 0 0
@1B30 
1 0 0 0
@1B34 
1 0 0 0
@1B38 
2 0 0 0
@1B3C 
1 0 0 0
@1B40 
2 0 0 0
@1B44 
2 0 0 0
@1B48 
1 0 0 0
@1B4C 
0 0 0 0
@1B50 
1 0 0 0
@1B54 
0 0 0 0
@1B58 
0 0 0 0
@1B5C 
2 0 0 0
@1B60 
2 0 0 0
@1B64 
2 0 0 0
@1B68 
0 0 0 0
@1B6C 
1 0 0 0
@1B70 
2 0 0 0
@1B74 
1 0 0 0
@1B78 
2 0 0 0
@1B7C 
1 0 0 0
@1B80 
2 0 0 0
@1B84 
2 0 0 0
@1B88 
2 0 0 0
@1B8C 
1 0 0 0
@1B90 
0 0 0 0
@1B94 
1 0 0 0
@1B98 
2 0 0 0
@1B9C 
0 0 0 0
@1BA0 
2 0 0 0
@1BA4 
0 0 0 0
@1BA8 
1 0 0 0
@1BAC 
2 0 0 0
@1BB0 
2 0 0 0
@1BB4 
0 0 0 0
@1BB8 
0 0 0 0
@1BBC 
0 0 0 0
@1BC0 
1 0 0 0
@1BC4 
1 0 0 0
@1BC8 
0 0 0 0
@1BCC 
1 0 0 0
@1BD0 
2 0 0 0
@1BD4 
1 0 0 0
@1BD8 
1 0 0 0
@1BDC 
1 0 0 0
@1BE0 
2 0 0 0
@1BE4 
1 0 0 0
@1BE8 
2 0 0 0
@1BEC 
2 0 0 0
@1BF0 
2 0 0 0
@1BF4 
2 0 0 0
@1BF8 
0 0 0 0
@1BFC 
1 0 0 0
@1C00 
1 0 0 0
@1C04 
0 0 0 0
@1C08 
0 0 0 0
@1C0C 
2 0 0 0
@1C10 
1 0 0 0
@1C14 
1 0 0 0
@1C18 
0 0 0 0
@1C1C 
0 0 0 0
@1C20 
2 0 0 0
@1C24 
1 0 0 0
@1C28 
2 0 0 0
@1C2C 
1 0 0 0
@1C30 
0 0 0 0
@1C34 
0 0 0 0
@1C38 
2 0 0 0
@1C3C 
0 0 0 0
@1C40 
0 0 0 0
@1C44 
1 0 0 0
@1C48 
2 0 0 0
@1C4C 
0 0 0 0
@1C50 
2 0 0 0
@1C54 
2 0 0 0
@1C58 
2 0 0 0
@1C5C 
2 0 0 0
@1C60 
0 0 0 0
@1C64 
2 0 0 0
@1C68 
1 0 0 0
@1C6C 
2 0 0 0
@1C70 
2 0 0 0
@1C74 
2 0 0 0
@1C78 
2 0 0 0
@1C7C 
0 0 0 0
@1C80 
2 0 0 0
@1C84 
1 0 0 0
@1C88 
1 0 0 0
@1C8C 
2 0 0 0
@1C90 
2 0 0 0
@1C94 
0 0 0 0
@1C98 
0 0 0 0
@1C9C 
1 0 0 0
@1CA0 
1 0 0 0
@1CA4 
2 0 0 0
@1CA8 
1 0 0 0
@1CAC 
1 0 0 0
@1CB0 
2 0 0 0
@1CB4 
0 0 0 0
@1CB8 
2 0 0 0
@1CBC 
2 0 0 0
@1CC0 
0 0 0 0
@1CC4 
0 0 0 0
@1CC8 
2 0 0 0
@1CCC 
2 0 0 0
@1CD0 
0 0 0 0
@1CD4 
1 0 0 0
@1CD8 
1 0 0 0
@1CDC 
1 0 0 0
@1CE0 
2 0 0 0
@1CE4 
2 0 0 0
@1CE8 
2 0 0 0
@1CEC 
2 0 0 0
@1CF0 
2 0 0 0
@1CF4 
0 0 0 0
@1CF8 
1 0 0 0
@1CFC 
0 0 0 0
@1D00 
2 0 0 0
@1D04 
0 0 0 0
@1D08 
2 0 0 0
@1D0C 
2 0 0 0
@1D10 
2 0 0 0
@1D14 
0 0 0 0
@1D18 
1 0 0 0
@1D1C 
2 0 0 0
@1D20 
0 0 0 0
@1D24 
0 0 0 0
@1D28 
2 0 0 0
@1D2C 
1 0 0 0
@1D30 
1 0 0 0
@1D34 
1 0 0 0
@1D38 
0 0 0 0
@1D3C 
2 0 0 0
@1D40 
1 0 0 0
@1D44 
2 0 0 0
@1D48 
2 0 0 0
@1D4C 
1 0 0 0
@1D50 
2 0 0 0
@1D54 
2 0 0 0
@1D58 
2 0 0 0
@1D5C 
0 0 0 0
@1D60 
2 0 0 0
@1D64 
2 0 0 0
@1D68 
1 0 0 0
@1D6C 
1 0 0 0
@1D70 
0 0 0 0
@1D74 
1 0 0 0
@1D78 
1 0 0 0
@1D7C 
1 0 0 0
@1D80 
0 0 0 0
@1D84 
2 0 0 0
@1D88 
1 0 0 0
@1D8C 
2 0 0 0
@1D90 
2 0 0 0
@1D94 
1 0 0 0
@1D98 
2 0 0 0
@1D9C 
1 0 0 0
@1DA0 
1 0 0 0
@1DA4 
1 0 0 0
@1DA8 
0 0 0 0
@1DAC 
2 0 0 0
@1DB0 
1 0 0 0
@1DB4 
0 0 0 0
@1DB8 
2 0 0 0
@1DBC 
2 0 0 0
@1DC0 
2 0 0 0
@1DC4 
0 0 0 0
@1DC8 
2 0 0 0
@1DCC 
1 0 0 0
@1DD0 
2 0 0 0
@1DD4 
2 0 0 0
@1DD8 
1 0 0 0
@1DDC 
1 0 0 0
@1DE0 
1 0 0 0
@1DE4 
0 0 0 0
@1DE8 
1 0 0 0
@1DEC 
0 0 0 0
@1DF0 
2 0 0 0
@1DF4 
1 0 0 0
@1DF8 
2 0 0 0
@1DFC 
2 0 0 0
@1E00 
2 0 0 0
@1E04 
1 0 0 0
@1E08 
0 0 0 0
@1E0C 
0 0 0 0
@1E10 
2 0 0 0
@1E14 
2 0 0 0
@1E18 
0 0 0 0
@1E1C 
1 0 0 0
@1E20 
0 0 0 0
@1E24 
2 0 0 0
@1E28 
1 0 0 0
@1E2C 
1 0 0 0
@1E30 
0 0 0 0
@1E34 
1 0 0 0
@1E38 
0 0 0 0
@1E3C 
2 0 0 0
@1E40 
0 0 0 0
@1E44 
0 0 0 0
@1E48 
1 0 0 0
@1E4C 
2 0 0 0
@1E50 
0 0 0 0
@1E54 
2 0 0 0
@1E58 
0 0 0 0
@1E5C 
2 0 0 0
@1E60 
2 0 0 0
@1E64 
2 0 0 0
@1E68 
2 0 0 0
@1E6C 
1 0 0 0
@1E70 
0 0 0 0
@1E74 
0 0 0 0
@1E78 
2 0 0 0
@1E7C 
2 0 0 0
@1E80 
0 0 0 0
@1E84 
1 0 0 0
@1E88 
0 0 0 0
@1E8C 
0 0 0 0
@1E90 
1 0 0 0
@1E94 
0 0 0 0
@1E98 
0 0 0 0
@1E9C 
1 0 0 0
@1EA0 
2 0 0 0
@1EA4 
0 0 0 0
@1EA8 
1 0 0 0
@1EAC 
1 0 0 0
@1EB0 
2 0 0 0
@1EB4 
2 0 0 0
@1EB8 
2 0 0 0
@1EBC 
0 0 0 0
@1EC0 
0 0 0 0
@1EC4 
1 0 0 0
@1EC8 
2 0 0 0
@1ECC 
1 0 0 0
@1ED0 
0 0 0 0
@1ED4 
1 0 0 0
@1ED8 
0 0 0 0
@1EDC 
1 0 0 0
@1EE0 
1 0 0 0
@1EE4 
2 0 0 0
@1EE8 
0 0 0 0
@1EEC 
2 0 0 0
@1EF0 
2 0 0 0
@1EF4 
0 0 0 0
@1EF8 
1 0 0 0
@1EFC 
2 0 0 0
@1F00 
0 0 0 0
@1F04 
0 0 0 0
@1F08 
1 0 0 0
@1F0C 
2 0 0 0
@1F10 
0 0 0 0
@1F14 
2 0 0 0
@1F18 
0 0 0 0
@1F1C 
2 0 0 0
@1F20 
1 0 0 0
@1F24 
1 0 0 0
@1F28 
2 0 0 0
@1F2C 
1 0 0 0
@1F30 
1 0 0 0
@1F34 
1 0 0 0
@1F38 
1 0 0 0
@1F3C 
1 0 0 0
@1F40 
2 0 0 0
@1F44 
1 0 0 0
@1F48 
0 0 0 0
@1F4C 
1 0 0 0
@1F50 
2 0 0 0
@1F54 
2 0 0 0
@1F58 
2 0 0 0
@1F5C 
1 0 0 0
@1F60 
0 0 0 0
@1F64 
0 0 0 0
@1F68 
0 0 0 0
@1F6C 
1 0 0 0
@1F70 
0 0 0 0
@1F74 
1 0 0 0
@1F78 
1 0 0 0
@1F7C 
1 0 0 0
@1F80 
2 0 0 0
@1F84 
2 0 0 0
@1F88 
0 0 0 0
@1F8C 
1 0 0 0
@1F90 
1 0 0 0
@1F94 
1 0 0 0
@1F98 
1 0 0 0
@1F9C 
2 0 0 0
@1FA0 
2 0 0 0
@1FA4 
1 0 0 0
@1FA8 
2 0 0 0
@1FAC 
2 0 0 0
@1FB0 
1 0 0 0
@1FB4 
1 0 0 0
@1FB8 
0 0 0 0
@1FBC 
1 0 0 0
@1FC0 
0 0 0 0
@1FC4 
1 0 0 0
@1FC8 
1 0 0 0
@1FCC 
2 0 0 0
@1FD0 
2 0 0 0
@1FD4 
0 0 0 0
@1FD8 
1 0 0 0
@1FDC 
2 0 0 0
@1FE0 
1 0 0 0
@1FE4 
0 0 0 0
@1FE8 
0 0 0 0
@1FEC 
0 0 0 0
@1FF0 
1 0 0 0
@1FF4 
1 0 0 0
@1FF8 
1 0 0 0
@1FFC 
0 0 0 0
