100
 
1101011010000001110101101001010011000001011000101010111001101100
1001010011001110100011010100111001011000101100000111101011010110
0001110110101011110100000011110010001110100011001110001100001001
0001011101101110100000011000011010011000111010000111011011101110
1011110011101011101101011111010100100001100111100100111011111101
0011110100011000000000110010110110000111100000111110000110010001
1011110000010001101100011000011110101110011100011111011110011000
0000100100100011000000111101000001100111111101111101010000011000
0010100001111010110010000100100000000001010100100101001101010110
0110100101011001000100010011100110011000110000001000001111111111
0110011001000000010001100110101011101111111111011000001001010001
1100110011100001000011110100000101111001110101101011111101110110
0000001001000100101111011000010000000011111010100010011101001111
1010001001010111100110010111101101100110011101010000110000011011
0100000011111010001110111111001011001111000101010001011001001010
1001010111100100100001010010111110100110110001010010010000010011
1111011110111101010010100010111100100010001001100011010011011010
1111011110010011000100110010100010111001011001101110011001010101
1111100001001011010011110001111111101111110010010111111011111011
0011001000101010001111110011110101011001101000101100101011010101
0101110110001110001011101001001001000010110010100111000001000011
1111110011011100000111011011111001100110010001010101110100100111
1101111000110001101010000011001011101110001001010010101101100011
0110101101111111001111110111111010000110101100010100101110111111
0110101100110110010101111111101001000010001100101100010101111001
0010100101011000100011011101110010011000010110101001100100000000
0010011110001100110110011000100011001010111011010001111101110010
1010110011110001101101000010101000011000100000101110000110011011
1100001101000101101000000101011101100011111111101001100111101000
0100000100011111000001111100000100000111010110010011001011101100
0000000110111100101001000110110100101010000100010100110011001001
1111010010110110001110101011100011100111100001010001111011011101
1001010111101101110101011000010001000011000100101010100100110001
1101011011010011000011011000001111011000001010100111100110101010
1001101101010111010100111110010000101001110111010100000001010000
1111000110110110001000101101111100111000101101100001010000110010
0011110001010110101110000010100101000011100000101110110010001010
1001101111000000110001011101000100100100001111011100001111001100
0111111101100110000101100001100000001001011011111011010101000101
0010101001111000101000001100110111100100101001011111011101000100
0000111000100010011011111001010100100010011011111101100010011011
0100100000000100010100110100011011111011000111100000010000100010
0100010110011100011001110011001100101001101000111010000111001101
0100111100111101001010101001000100011011100010100111110100100000
1010000010011001000111101111110000000010001100111000001100010011
0000010101101011011110110010011001100100000011011010111001100111
1110000110100101100110001000111001101000110011111101000101110110
1101010010110011001000101101001110000100110110001000001011101110
0101000011100001011010110101000100000010110110110001011110000010
0001010011101111111100010011000010011010001110110100010100000001
1101101000010011111011010110001001001000001101111101110010100111
1001000011110110101111000100000001011010110110110000101110001000
0111111001010010100001001000101100100001000101110111001010111001
1111101010100001011100110110001001000101001110001101100111111111
0011010011101010100010001110101101101000111110111000101010111110
0100000100100000001111100010011010100101011011000110000111100111
1110111001101011111100010010011001000001111010110110011000100000
1010101111100100011111100010100110011010000000111111101010011011
0010010011010000011111110001010001101001000101110011101100000111
0000111000101001001101100011010001111010011111111101011000100011
1000000110011001100000101000001111000001001000110001111010110101
0010011001100110111001001011110101100101010001000011000111010101
1000101001100001000001101011010101001001100011110110111110010100
0001111111101111101111000110000101100100010110000001110001000101
0011001110110100011101111111101111100000100011110100101110001101
0111010100101011011011101101111101111011011101111001101110110110
0010101000001011011100011000100100101001011000110100101010001100
1110000010101011001000000010001110011011010010111011011101101111
0001111100001110000110100101010011000000010100110100110100010110
1011100011111101111011101100100010100000011000000110010000010000
0101000110111010100101000100010000101010101011110001011000111101
1010010110100100000000101011100101000000001110000111110100011001
1010110111111111011011011000110111000000101100111011110011000111
1110101011110000111001001001101001011101011000111110011001011100
1111011110000101111010011110110100001010010111100010011110110110
0111110101100000100010001101111010011100001101111100101011011101
0100000111000101100110000010000110100001010011111010000001001110
1100011100110110011110101101100010000011010100000000110100111010
1100111101111101100110110001001100101010100100100111001110101111
0111101000101111000000001100111001100011000001001010001110110010
0101001001110100111010001000110010000001100000111101010101110111
0001011000110001111100100100110100011100010001110000000111011100
0000100101001110011011101011101001001011011011101111010100111010
1010001110111011000110101001100011111100000001110010100111010100
1111110000001101100001111111011110000101011010111101000111100101
0101100111111001111100000011011111100011001001001111101010010010
1011000111110110001010111001011111001011101001101000110010000010
1110010011111000100111011101101100100010001100001100011000010000
1000110010110011010100100101101110100111111101111010000001111100
1000100010111111011110100011000100111101001101110111000011100111
1001011100000101010101000100001111101011000010101001100000011001
1101110100010100000101010100100111011101001000110101010001111110
0010001010000010001001111001101011000110000110110011110001001101
1000011010111010110000100110001011100010100010001001001100000001
0010110000101101101000011110100011001011111100101110110101001000
0001100100010011000111110011110100000010001000001111111100011000
0001001001101000010100000010011111000110110100110110101011010110
0101001101110100110011000010011000011101100010110011110001101111
0100100010010110110100000001010111001010001111101010100111110001
0100001011011111100011010011111110011101010101110011010111010111
