100
 
00110101110011110011101011111101101010101010011101100100000100110110010100101110010101101001110110110110100110010010100100101111
00111011001001100001111110001000101100111100101001010011101010110101011101100101001101011011110111011111011100000010100000000111
01100000010101110111111100001000010000000001000100100101100010110110111010010101110101010001000011111010001011100001011100010000
11010111101010111110101011111100010101001101000110010000010110111101110101010110111111100010011011001111101101011101011010000010
11100110101110100000001101101010101000110101101101100000010110101001111011110101011010111001000111101010101000111010101101010101
11000000011111101010011000011111100011110011101110010001110000111011110001110110010011001000001111111010100100100110101011101101
10111010011111100100000000010100011011000000100101100011111000101011000111100010111010001000111111111110100000100101010101110010
00010100101100001101011101101011011001000110111111010000000110110000010101100100010000111000100111100110001110111101010011001011
01001101101001111011110111100100100101011111000110100010001110100101100011010000110101100000011011011010010011011110101110111100
00001010001110011000101100001001100010010001010110010011101110100010111100000011111000010101010011100110101011100010101010001100
01011111001010111111100110000011011111101010011111100011001110100101001011110011000101011000100111001011011010001101011110011011
11101011111001010010100011011101011000111000011110010010111000101110101000110001011111011101101111110000100000110001011010110011
10010011111001001100000011010011100100000001110111100000110000101010001110000001101011011001000111010111110011010010100111111100
10111101000010000111110010100110101100001101111101010011000110101100000110001010110101101100001110000100010001001010100010110100
10000100001110010000010000110101010100110100010110100000010111111000101010110101101010100011111011000011010000001001111111110011
00101011110001000001000110000100010111110010100100010101100010100010100011101010100001000100111010010101011011010101111001010011
11110000101100010111111100000100101010000001011101100001101011110010000010010110000100001010011111100011011000110010011110010100
01110110010111110100000101110000101101000111001100010100010100001001001011011100001010111100110110011001110010001110011001111100
01100110011111000011101101110010010001111110110001100010001101110110010111100100100101101010000111110111100111101101100110110010
11010000100100101010110000010011010011110011100101010101111010001001001111101111101110011101000110001101010011111101100100111010
00101010001000000100011010011010101011001010100000100011111011111101111011000011001011010010100011101110100110101110011111101101
10000100110011101111111101100111101000011000100110010110001110010111100010001101000101100111101010111101011000110010011100011101
11111101110011111000011011101101011011100001001001101010000111111011011101010001011011011011010101111010001111010101100101001010
00011010010001111101001110010101001000101101011110010111001000010101000010011110000001100110011110111001100001101001101101110010
11001111010101111011101110011111110100010100100001101101000001110001110101101011110100101011111101011110101101001010010101001101
01001011100010110000011011111000110010010010010111010110110110011000010110101010101011011110110110100100100111010010010101110101
00010011100110101111101101111011001110100001100010101100110111100001110000001010010110000010001000001100100100010001101100100010
10111101010111000110111010101010001101100111110110010101010110011010111010001001011110110110000010110100001110001101101100010010
00010100010111111000110000101000110101011110011011101101011111101110011100111100111011111000100100011000011111100010010100000101
10111001101100000011101101011110110111010010011110010100101000010100011011111011010100010111001110000000101111011110011110101100
11000000110000110100000111001100000111101011010011101110101001101100111100001111111001011000110100000101011110111101100101000011
01100110001110010101001100111101000110111001010001010101001110000110110111011101110001101111111110000000110100100101100111101011
10110110000010000011000110110110111011000010110010101111000111100010101001101101010101100101011000100101110010100110011101101100
01110000111001001000010011001011111100001100100000010010111010001111110001101110011011100111011010010100011100111010011111001100
00101011110001000111110011000011000000110100011001101110110011001010000101011110100110101101101100110001010001011101100110001011
00000100001010001010100010101011000010110000101000010011000100001001011100010110111111010110100110001001011111100001111111000011
01101101010110011100110000100001111010000001000001101111110101001100100101101010101010011100000000100101001000000010000110001100
11001011101001111111100111011100111001000111000001010010000010000011111100110101110100111100000111111001110110110010000110100110
11111111101100001000001101010001001100011110101000101100001011010111001000001000001000110100110000110101100011010001111011110001
11011011011111110001010000100100001011010010100010010011110110000101101000100011000000000101111011111101011011001101111110000001
10000011111111001111011100110110110111101111101001101101101111010101001100011011100101011100000100011000100010001010000011110110
00001101001100100100010001000010110011111001111010010000011000001100000100010000101011100101011111101011001001010110000101001111
00010100001000111011111011100100001111000010000001101000011001011001100010111101000111101101001000001100001000110101110010010000
00111001101011100010001100010011001100001100010011010001101110011110100101110010101101011101000111111011100000001101110101101000
01010000101011110100101010011000110101110101101110111011110001011011000010001110001010100111111000011100100001101110001010111111
11110110010000110111111111110101110110110001010010010000001110010000001001000000000101010100100011000110100011110010001100001111
10000110011101100000001111111011000010000000111111111010000111010100010111110110111000010111010100011000110100111101110010111000
11100000100010101101111010000111010100000110111010010011110000010010001101110101100010110100010111000010001010110001110100010000
10111011101110100011011000001111101000111100010111111011111001000110111011010101010000111110100000100000011111010010000001011111
00110100010111001000001011110010101111111010100001010010010110011111100100010111001010001101111111010010100011101010000101110111
01101101001111111110100001101101010000001111011110111000111101001110011011100011110111000110001001110101011111001001111001110000
01001011110100011110001100011000010011011001001000011011001010110101000000100100011101100111001011000110110001010101111101110000
01111101111000101000100100011000101011100010111101111001001011001000110110010001111111100111111101100001110100010010000000110010
11001011000110011011111101101100101001101100101000011100101100110011010110000010110101010111100111111010011100001110000100011010
00010010000010001101010111101010011101010101100101111001100101000011110010110010010000011111110001100001011101101101100000010101
10011101110001000101100000011111011010010001100001011100011010101001111011010001010011011010110111111011010111011101100110111101
11000100110001011001010010000100100111100000001100111010010001000101011010100010110010010111000001110101001100111110011001001010
00001000010010000000000011111011100100100110001110011101100110101001011011101001111010100010011001101111110110100010011110111010
11010000010110010110000011010101011100011101101101111011110111001101111110010101101110110110100101001011100111100101100001101101
01110110100001110010010110101001011101011011011110011110000000100110110111001011111100000010101101111011011100111001100011010101
00000110100100000110111100100011100100101110100101111010001001011011101011110111001101001100011001011010101111011010011000001010
11110000110111101111110010001100100111111010110111011111110110100100110011111100010101111011000101001011001101100010010011110010
00101011110111000001111100000011010011000011011110111101101001010000000111000100100001100101111001011110001000000001101010000101
10100100001100101001100001110110010101001100011110011110111110101010011010001110100011010011110000000111100100111101101010110100
11111101010000110101001001110100101001110111010111111100110111010010100101100110000010010101000101001010100001010010010011100011
01111011101111111100011100000100101010110001011110011101001000111010111110101101101011100010000100010110101111001110010010001011
11101101100011101010001010010100010011000000110111111101010001011110001000010000001110011101100001111010110000001101101011000100
01001011011000111010011101100001110000000110100101011100100111110001101010011101001100101000001100000010001111010101100001001100
00110010010101101110111111100010001010011101011110111110100101111100001100101001101100100100111001100110011010110110011011001011
00011101101010000111001010010011001000011111101100011101010011110111000011101010100110000000111000100110000000001010011001101011
01010100101110111001100010011011111100101110010101111111011011110011100100001011010001000100011101100011010011101101000010101100
10011000001111000101101011110111101011111010001100011010110101111101100111001000000010110001010100111110110001110001000000000110
11000000001111110001000001111101010110000011100001111110111101101001000000011100010011111100101001110011110000110010111010001001
11000110111100010000111110100100010101001101100101011011001011111001001001011010001001011001100000101000011000100010100000000001
10010111111000000110010100101111101101110110101000111111001001101001011101101110111110010101000000000111111001010001011001010110
00110000001110001110001101011000101111110000111110011010101111110010001101111001111101101000001000111101010011101101011001100111
00001011001010000010100111001010010111000001000001111100000111100111111101001101011100100111110100011011000111001010100001110000
00100101101001001011000000111010010100000101010110011011111001100100100100001101010110100000111100011101110011010110100001001000
01101101101001010101100010111000100011111101100001110101110001100101011001111101110000101010011000011011100110010101011100111111
11101111010010111101110111001111100100111111010111011000010111101110000000110110010010011000110000001001111000001101011001001111
10111101011110001001010011001100011000001110111010110000010001101010110100001011110011000010001000001110101111101110101100011000
11111011000001111000100110101101011010011010111110011001100111101110011100010100111000111001000000010101000001010010101010110000
10100010001101001110011100100110100010100011010011110011101111111010110000101000001111110010100100111110001100111101010101111111
00001101110111100010000011011011100001101101010110011000011001100001111101100011011101000011100100000101100100100001010010110111
01110100101111111110001101010011011100010110010011110010001001110100011010011010101100011011010000101010000101100010101101110000
00011000010100110111010000101011011011010000000001011011111111000011011001010001110111101011011000100000101110111010101011010000
01010000011000110001111000100001100111100001111010110011110101110110111111111001000010100011111000100110111111011001011100010110
11010110100111110001111101000100101011100101101000011010001011001101110101110001100010001010111001110100001111100101011011111110
00000111100011100101111111000001010111011100100001110000010011111111100011101101000010100010001100110100011110000010100110110001
10000010010000000100101100010100010100011110100000011011000101010101110101100010001000010010000101100100010100011110100010111001
10011011010101100010001110010110101100101101001001110001000101111001000011010110101101011000111000000001010011011101011111101110
00110101110010001011011011100010101110111011000001011100110001010010011000010100101000111011100001111000111101001101011010011110
11001101110110110110000011110100010010000011101000110000111001110011100111110100001101110000110000000101110000001110111111001001
01101111000101011111011010000011010101001111011010011100010111011000111100110111000111001011111001011000011111010010111001110001
00111100000111101001110000001000101000110110100001110010011111100101001010000010010010000001000110010101101000110101000111001110
11101011111100011100101111110101100111110000110010011101101001011010100010000101000111100011011101001101010110001001000001110110
00110010110000001001100101111011001001000001001001110011101001101100001010110001110010101001101010001001000011101010111110100001
10111100001110000000101000010101001011000101010011011110001001010110000011100110101000011010100001011001111011110010111100010001
11100100010010011110000100011111110011011000011110110010000001101110100110010001011100101000011011111101100010110001000110000111
01001000101001010111110001100010110000011110011010011111110111010100100111010010011010011000000001000001101000101101001100101111
