100
 
00100001100011001100101110100111111110011101110011100100011100000101001000001000001111110011010111010011110000011111100111011011
00100001101001101111111110110000100000110101000100110001111010100010110000101101011100100000100000100011010011000011010110001101
00011110111100011101101101111111000101000010010000101101001010001001001111011000010110100010001100000000010111101111110101101100
11011111100000011000001111111100111101110011011011011110111110100110110110111101010100110001101110010101110000010001100010001000
10100000111101100000110100110010010001000100001011001111100111101001000001100000110000010001000010101110010101111110101100100101
01100001010011110001010000100011101111101110010000111100001000000110100001100101100110001011110100011110110100100000110000100011
01011100100100000011100110101110001000110001001100110000110001001101000110111001111010010111001010110101110100011111101110000000
11011101011010000101000010101111010010101001100011010111010110111011101111000101101100001000111000101010011111100001110010000110
11100010101111111111011001000011011111111111010111011011000101001001000000111001000000100100000000010101010010001100011010001111
00100011000011111000011001110110000000111111101100001000000011111111101000011101010001011111011011100001011101010001100011010011
11011100101110001110000010001010110111101000011101010000011011101001001111000001001000110111010110001011010001011100001000101011
00011101000100001011101110111010001101100000111110100011110001011111101111100100011011101101010101000011111010000010000001111101
00100000010111110011010001011100100000101111001010111111101010000101001001011001111110010001011100101000110111111101001010001110
10100001011101110110110100111111111010000110110101000000111101111011100011110100111001101110001111011100011000100111010101111100
10011110011100000100101111010001111000110001100001001101100100100001101100101011010100000010010001110110011100101100011011000101
01011111011100000111110111100010100010010001100010101110001011110111100100101100100011011001000111111110011111110110000111010001
00100000001100101100101100011001101111110110110010100110110010100001110010110011001101011000001011010101011110011111101001110000
11100001000110100001001000001000110101011110101001110101010110010111100110010100001111001011001001000001111111000110000101110110
11011000000101011001110111000100010110000001111101101001000110000101110001101010100111101101000101001101101011011111101101011101
11011001101111011100010011000101100101001000010010011110000000110011101001000100010101101010001011001001011100000111010100110011
11100110010010100000100001001000000000001111101110010010011000111001110110011010100101101110100111101010001001100110111111011010
00100111101110101101000001011001011000001101010101110001110110110111101111011100110111111001010110111011011010010100101110011110
01011000011011010111011010000111001001011010100101110101101101111001111000000010011011011100101111110000001010110111101101110011
10011000110101010000011010010000011011110010001110010010111010010111101000100101101110101111011100110100110001100101101010111101
10100110000010101111000011011110111111001000110010011111101011011101111111011010010011001111110001010111101100010100101100110110
00100100111100100010101111011100000111110000001101001100001101111011110110100101000000011100010010000110010111100101111000100000
00011010100001011010010000110010100110000111011001010100110001111001111011111010101001101000111010001101001111000000011110010011
11011010101101001111110101000011010100100111010010100111011101011111110011011101001010010110011000001001010100010100101010000101
00100100111000110111101110111111110001110000010010101011000101111001110100100011101011111010110110101110001000010001011010111100
11100100100010111110110110001110101000101001010001001100000011011111110101000101111000100001000000111001110110000111101011000000
11011010110001000100101101100011101001110110000111000000011010010101110010011111000110101001110100110010100000110000001000111101
01011000010011000011001001010110111011111110001000101001110101111011111010010111110000110010100110110010010011100110011001101011
01100110110010110001110110101000011100101001001100100001111110110001110101001111011100001110101010011000000011100010011000000000
10100110011010110101010010111011100110001001101111110010111001010111111101101111001110010000101101000100010001110110001101001110
11010000101011001001100000111100010110101111011110101111101000110001101011010111110110011100100000001011000101010011111011000111
00010000000001101100000000111111000100000111110101011000001110000111111011110110100100000001110001001111110010100111001111000011
00101110100010011100011011110001000011111010010001010100110110010101101100101111100100100101101000100101100110000010100001100010
00101000000000011001011111100000011001010010111110110111011010100011111100100110100101110110111011111001010100000000011111100101
00010110010101100011000000111000111000110101100010111111000011111001101010111111001000110111100111110110100000100011110101001110
11010110011001110000101100101000001010011100101001011100000100000111110000011110011111110100110101110010011111010001101100011100
10101000011100000010010110100100101100000011101001010000010101011001101111100110010010010000110101011010000011110001110111001101
01101000010010000110110110100101010110001011100010001111110110000111010111000110010101100111110111000010101001100001101110011001
01010111001111111110111101001011110111011100111110010011111101011101100001011110111000000011011001001001100011000000100111100000
11010110010011111011110101111000100101001100110001100000111011101011000001000110101011010000101111001100001000100000111010111110
11101011000110001111101100000111100010011010110101101001101011111001100110011110111001110001010011100011100100000001010100000101
00101010101100001010001000110100111001110010011010001010001101001111001110111111101011000010100000111111001010010011111000110011
11010101011111110000110111011110001000001101101110000110110101011001100001100110000111110110001101110100001110010000010110010010
00010100101101110111010010111111111000110101001101110001011001001111001000100111010001101001101010110001101101000010101000010110
00101011011100000001100001010011011101000010101101101101000000000101101111111100001101100101000111011110101101100010000010111011
10101010110100000101000001100011000111100010000110011110000111101011001111010111011011111111100100001010001111100010011011111101
10010111000101101101011010011111000111110100010010101110010110100001101000101100110111010111000110001000101011100111010000111110
01010110111111100000011110001110010111111100000101011101110010000111000001001111111110001110110100001010001000110011010001111000
00101001101100011000001001000000010010110001010001010001111010000001101100010101010111010110001000100001001000010110010001010001
11101000101110011001101101010110001000111001011010110010110100100111000100010111100100001101011010110101100011100000000101001101
11010111111011100011010111001000101101101110001010111011101100000101110011000101001001100001010010100011101110000111100011110100
11010110100111101100110111011011011000001111010001001000001110100011000011100111001110011111010000110111000011000000010111000000
11101111110010010110111100010101111101101000001101010100111101101001110001011101100011110011011100011100101111100101100001111101
00101110011100010011110000011110100111000000100010100011011010000111001001111110010100101000001001001000000100011001010110100011
01010001110011101110101111110001110010111111010110011111000011001001110110100101101010001000010100011110001101110100110101011000
10010000011101100011001011000000100110010111101100100100000100100111001110100110110000101011000111001010100110101000100100001110
10101111101000011011110000111000000010100001010100101100010101001101111000100101011000001110011010100001101010000101100111101111
00101111000100011110010001001001111000010001111111001101100001111011001000000110111010011001000101110010100001101111110110001011
00010001100001110100100010100101011111000110001011000001111001101001111111011101010010011101001001101001100000000100000110100010
11010011001011111111000110000101101001001110110100110110110111011111010111011110000000001110001011110101000011011111110010101100
00101101010000000101011001101011001100010001100000101011101110000001111001000100101100101110000001011010000111010110010100000110
11101101011010000000011111011000010111001000100011011000001001111111010011100100001001101101010011001111100000001110100000000100
11010011011011111001001000100110010000011111110011110000111010100101110100010100100100101000101111010100110101100111001110001101
01010011010011110000101100110100000110111101101000010011011101111011010100110100111111110111011101001100100100101111010001010001
01101101000010001000010110111110100011001010111100011111000100100001110011101100000110011001110101100111110100100110001010101000
10101111010000101101110110111111011001110010011011110000001010010111011010101101010101100110010110110010001111111100010011111110
11010001000011011111111101110011101111001100101111111100010110000001010101110100011100001010111011101001010010010111011000001101
00010001101001011000110001100010111001100000010100001111100010110111011101010101001111010000010110110001101101101100000001111011
00101111011100100110101110111111111100110111100100010111111010100101001010100100110001101000111011011001110001000101101001000010
00101111100000110011001010101110100110110111001111100100110100110011011011000101100111010011001000001101101010011101000101011110
00010001011101000011110000000000000001110000110011001001101101111001001100011101101011111111110100010010110111100000101011100011
11010111110011000111011000110111110110111000001100101110001010010111010100011101100001100000000010000110001000011100010111110101
10101001000100111111100011001001010011100110011000100010111001011001001011000101001001101100101110100100011100110001111001011110
01101001111010111110000111111011101011001110010011000001011111110111010010100101011011110110101100110100101111101111100110110000
01010111101111001100011000010101001110101001010011000001000111111101001111000101010011010110100110101111111111100001101101011001
11010111100011001011011100111100011000001001010000110010001001011011010111100101010010010101110101111010101101111111100100011101
11101001101110110001001111010000011100111110000100101110010001111001000000111101111111010001101000011001111011000000101111111100
00101011100100110100101110100000010100010111001011011001100101011111000000011000101000000110111111001001001100011110111110111000
11010100110111000000010101011100110001001000001111110101110100010001000110100111110101100011101010010010011000010011011110110101
00010101111101000100110001001001000111010010101101010110110011111111001110000000101010010000111001000101101010001111101010100011
00101010111100101110111110000111100010000101011101011011101110110101000001010111000111110010110100100010011010100010001100010000
10101011011100101001110000000100111011000101110110101100000001011011001001010000000100110001110011110110100001111100101000000110
10010100101101011011101111001011111110010011010010110000111010110001001111001110001110010001111101101101111101100010001110111111
01010101000111011000001011011000101000001011111101001011011100010111001111101000011100101010101111111100000111111000011001000011
00101000100100100010110001000110101101011100100001010011000100010001001000010110110000000111010111011111011111010011011010111010
11101001001110101111011001010111110101111100101010100000001010100111000000110000110110011000100101001011110100101001001011101100
11010110011011010111100010011111010001001011101010001100000001110101001111100110011010010100011001010001011000000000111000001110
11011111001111010111000110011111100111100010100001101011100110000011000100100001100100001111101010000001110110011000001001001100
11100000011010101101011001110011000000001101111101100101110111011000010011111110011000110111001011101010110000100001101001000101
00100001010100100010011101000010001010100101110010010110110000000111000011011001001001101101101010110110010011011010011101000001
01011000000011011000001110111100001111110010110110001111101001011000010100100110100000100001000111101010010011111001111011100000
10011001011101011111101111001111011000110010011101111100000101100111001001000001010011111110110000111110110001101011101111100110
10100110000000110001010100100000111111110100101101100000111101111100010110000110101110010010001101010101010101101000110001001101
00100111101100111100110000010011000101111100001110011111011011001011001110100001111001001001111110011101110010111010101110010011
00011000011001000100111111101001100000100001101010110011001011011010011001011111010100001001010010010111110110001111100101001010
11011001100011000001110011111000010010001001000101010000101001001111101000111011111011001011010100000011010100011011111100011110
