213 117 79 55 180 338 
431 47 185 68 43 464 
197 220 402 352 37 187 
285 364 220 246 257 162 
169 339 144 373 447 222 
118 51 47 40 90 232 
132 179 73 328 390 467 
426 145 489 203 500 200 
248 353 250 408 175 385 
113 98 183 223 141 229 
230 452 345 353 123 418 
504 376 326 422 4 306 
504 498 31 235 334 272 
1 148 406 105 246 80 
378 301 65 91 244 409 
358 310 90 354 169 415 
173 205 366 160 194 388 
11 152 20 11 299 418 
28 489 434 405 281 498 
9 391 421 366 192 502 
361 409 469 17 97 318 
290 198 61 292 349 73 
131 482 402 159 454 327 
219 309 26 227 183 438 
374 432 287 218 324 247 
420 49 409 193 238 462 
70 18 270 200 491 163 
436 482 397 146 274 422 
456 343 456 313 266 226 
81 472 248 492 4 141 
241 94 144 310 103 413 
85 60 351 12 25 239 
298 144 13 237 487 468 
236 177 47 309 133 295 
136 435 460 369 12 95 
114 499 155 190 50 498 
66 220 350 355 356 363 
334 314 108 61 491 154 
115 448 145 242 366 88 
369 182 256 482 172 402 
214 391 348 271 95 189 
450 35 192 267 341 299 
315 453 172 421 384 316 
234 403 248 94 68 503 
231 388 214 436 271 53 
357 234 316 298 260 507 
92 290 374 398 226 29 
93 336 464 326 230 195 
289 181 471 12 60 168 
322 213 129 170 446 444 
189 435 6 273 216 372 
433 400 472 17 228 419 
449 97 246 222 277 200 
328 367 163 142 71 284 
508 211 262 181 137 259 
344 114 98 268 506 61 
225 471 111 157 59 348 
327 39 94 147 397 249 
468 16 82 459 226 335 
363 78 75 190 191 173 
188 225 218 404 180 320 
230 159 414 49 189 500 
77 232 474 28 247 39 
472 366 101 318 443 168 
117 332 441 297 48 150 
219 469 228 449 111 134 
299 117 167 375 348 124 
86 162 373 49 19 465 
453 124 358 62 455 290 
495 431 33 205 391 253 
501 378 109 283 494 275 
325 390 27 410 44 391 
54 348 300 499 471 149 
418 430 401 396 344 425 
226 161 221 210 30 329 
7 88 117 331 477 143 
4 18 166 58 365 465 
319 98 83 220 11 475 
355 383 191 64 36 403 
57 223 241 56 310 349 
279 492 94 282 501 259 
349 207 362 159 296 444 
307 410 477 145 285 151 
312 45 465 368 260 190 
61 30 285 331 13 378 
505 120 419 345 318 273 
106 200 366 404 102 326 
378 469 239 173 5 188 
256 377 439 317 406 215 
411 76 219 407 195 130 
504 394 231 101 85 80 
186 397 19 47 357 258 
354 437 243 101 305 165 
202 379 32 96 446 250 
124 371 230 119 256 452 
341 23 199 10 419 218 
260 467 267 105 395 501 
183 157 106 384 19 129 
464 370 458 79 233 179 
480 114 401 312 136 91 
38 308 362 289 266 120 
144 105 82 326 261 179 
272 307 157 227 160 106 
392 276 487 364 389 379 
8 469 472 37 261 325 
10 437 202 154 25 283 
277 453 164 40 243 320 
403 417 48 278 176 26 
48 396 284 55 348 239 
100 56 401 110 484 94 
508 369 225 276 313 389 
48 192 66 442 101 105 
268 122 336 316 9 103 
356 341 445 448 388 337 
355 431 303 354 291 19 
87 399 421 126 83 478 
175 74 270 442 187 89 
195 183 103 34 15 31 
395 368 5 241 282 307 
56 318 192 142 200 104 
274 73 318 448 138 79 
324 159 106 2 341 200 
348 231 500 234 82 504 
363 295 44 418 96 227 
295 322 310 61 386 120 
15 190 357 330 349 463 
173 146 350 12 376 341 
457 336 203 311 122 238 
209 457 263 504 270 64 
148 175 39 154 365 388 
197 342 298 369 487 139 
347 471 109 287 299 311 
412 33 293 113 489 39 
250 103 139 389 269 169 
125 48 2 321 389 291 
360 430 46 190 384 154 
174 457 41 70 481 326 
461 364 273 194 466 411 
219 71 101 343 111 102 
491 392 329 334 305 374 
181 11 483 346 467 7 
439 332 72 383 188 336 
137 230 127 355 293 227 
403 320 329 385 195 149 
492 6 217 156 8 183 
467 190 392 397 5 455 
192 283 316 321 504 442 
288 152 348 174 463 168 
141 308 253 124 305 469 
313 136 248 271 325 131 
321 69 406 505 343 213 
339 146 475 118 289 307 
243 466 334 384 266 70 
54 22 254 366 157 501 
473 115 271 286 183 160 
18 373 82 356 2 48 
291 354 240 17 312 57 
61 118 375 114 140 120 
296 112 83 261 226 345 
400 505 311 417 361 392 
362 439 205 136 277 436 
80 493 28 132 102 402 
233 13 208 21 116 283 
333 119 310 225 107 104 
467 495 381 313 417 69 
185 504 84 256 480 112 
74 5 124 298 10 323 
125 89 82 458 200 383 
306 486 282 257 472 154 
381 214 500 57 210 76 
181 187 191 246 183 306 
192 113 353 317 201 427 
400 301 415 190 279 188 
242 334 498 106 39 489 
248 56 467 421 234 141 
417 439 193 100 43 30 
243 448 149 127 240 55 
10 235 245 244 60 234 
90 206 3 330 254 461 
487 94 391 387 24 68 
58 89 370 292 28 11 
267 57 217 277 283 453 
342 170 352 424 376 347 
121 299 478 91 384 360 
399 427 440 456 7 301 
26 303 141 293 352 350 
126 294 56 468 464 407 
323 245 103 435 28 72 
403 423 478 294 334 401 
332 186 464 358 480 97 
323 438 186 449 215 241 
162 131 266 484 368 368 
387 431 411 281 345 372 
162 265 299 494 442 254 
413 342 476 228 271 153 
478 385 59 131 7 316 
366 175 500 244 89 402 
425 266 82 79 14 380 
447 118 398 351 459 357 
214 1 229 183 385 287 
383 94 403 241 260 395 
340 280 500 257 29 74 
34 445 382 480 54 263 
505 111 384 210 111 105 
487 383 172 353 469 67 
220 453 53 52 216 44 
245 109 118 270 38 499 
91 253 48 79 363 431 
465 19 155 435 402 327 
362 385 356 65 321 408 
28 451 407 264 44 16 
81 506 259 163 250 306 
96 220 13 44 239 168 
132 486 241 485 354 88 
166 495 149 185 429 47 
472 55 466 44 52 208 
302 5 448 389 224 460 
462 111 394 77 80 126 
433 213 86 90 191 226 
112 272 199 67 326 156 
370 363 309 163 359 240 
74 183 459 20 294 345 
373 462 133 290 159 218 
349 443 129 452 198 327 
8 482 113 377 328 421 
170 144 57 236 326 8 
111 344 342 476 297 466 
455 167 119 288 101 248 
291 66 241 290 32 345 
351 249 172 13 392 220 
210 227 494 312 54 319 
351 277 19 289 443 130 
28 369 299 310 426 23 
449 368 240 292 108 411 
492 122 27 193 341 12 
386 330 259 228 90 269 
17 398 68 44 250 366 
168 381 435 108 232 166 
339 60 178 314 173 196 
505 207 494 383 21 236 
102 504 102 118 394 170 
127 19 505 294 391 423 
114 80 276 445 131 446 
304 133 248 292 340 225 
352 460 260 453 447 353 
324 14 215 451 25 204 
415 118 121 21 190 389 
320 326 206 107 458 445 
281 153 56 116 96 307 
35 152 115 358 157 329 
181 16 20 80 134 132 
315 12 40 126 329 237 
279 166 107 43 318 154 
406 461 211 432 104 325 
260 137 57 433 153 76 
278 199 87 84 211 126 
31 354 417 301 11 15 
329 169 494 218 113 196 
216 4 413 467 140 469 
284 28 378 53 227 456 
437 73 329 459 419 229 
429 244 71 249 404 48 
8 235 90 215 238 503 
369 463 40 145 491 417 
201 357 309 121 421 129 
331 357 306 252 84 368 
487 415 442 486 141 23 
370 17 349 223 472 388 
446 288 39 138 136 347 
49 467 320 371 308 118 
383 485 98 354 384 31 
8 53 507 378 62 347 
25 218 450 462 497 480 
117 311 340 157 261 151 
52 260 133 427 229 230 
104 260 86 111 304 84 
365 422 55 381 131 496 
112 460 424 228 254 255 
6 398 402 50 149 26 
377 247 239 480 498 316 
294 392 46 142 305 93 
428 80 348 31 23 256 
276 2 125 282 399 10 
32 28 290 408 274 12 
264 319 446 41 202 483 
499 59 196 418 131 28 
153 283 173 429 284 297 
167 298 8 190 325 289 
91 292 452 346 102 381 
304 356 51 286 406 239 
28 266 118 181 40 290 
315 70 286 473 367 285 
176 65 235 258 356 170 
449 43 464 244 390 506 
287 236 199 315 493 316 
16 89 79 331 150 356 
1 132 433 176 188 151 
35 320 11 483 362 474 
243 471 223 22 191 414 
167 221 306 183 302 376 
451 223 283 443 346 207 
25 357 26 59 161 36 
14 1 227 249 464 442 
138 347 81 304 51 386 
344 245 482 279 467 249 
304 447 323 328 288 340 
448 376 394 461 368 105 
315 30 454 452 368 18 
418 395 217 246 131 183 
81 431 228 384 369 34 
148 374 56 87 233 442 
92 38 216 407 59 162 
426 171 73 327 58 282 
188 464 71 261 378 299 
238 324 323 378 181 370 
413 303 479 505 332 187 
390 340 228 299 2 293 
51 66 173 239 13 244 
390 26 118 111 349 432 
22 294 428 426 80 398 
404 68 300 285 407 12 
401 304 185 451 361 357 
373 92 163 254 109 273 
458 188 336 471 473 255 
45 136 286 448 204 69 
102 80 283 494 375 467 
219 308 101 83 391 256 
500 12 176 441 199 503 
164 241 274 200 376 43 
63 112 338 157 183 113 
42 63 70 260 370 171 
245 418 146 236 429 321 
119 307 54 274 39 327 
407 362 87 469 473 417 
147 21 259 180 75 328 
437 490 258 173 399 403 
319 208 59 430 6 112 
37 430 144 443 283 222 
247 130 12 386 142 262 
217 73 488 145 55 237 
445 124 208 248 331 266 
328 377 347 364 290 490 
65 204 185 303 333 188 
475 449 229 175 13 200 
59 429 119 504 44 326 
374 83 395 185 451 233 
232 215 330 296 410 506 
226 185 254 184 117 474 
122 166 160 180 86 278 
129 87 401 494 161 287 
103 4 202 327 210 16 
111 5 188 336 182 442 
298 399 369 419 56 13 
133 290 249 261 377 134 
21 420 400 124 415 85 
116 92 39 226 97 227 
278 152 57 59 42 417 
90 429 44 222 211 292 
71 417 204 83 321 87 
227 172 139 343 255 170 
351 396 105 112 31 153 
64 62 132 145 490 175 
184 458 325 246 367 20 
179 99 18 397 262 157 
8 318 283 359 197 379 
227 24 124 282 85 255 
58 429 277 242 371 93 
229 104 307 399 202 325 
455 473 2 463 282 276 
478 146 258 188 161 382 
237 128 371 295 41 139 
411 223 506 123 327 297 
12 105 283 459 61 284 
334 51 209 295 189 458 
349 331 426 78 451 289 
483 419 383 377 134 372 
452 152 495 455 256 269 
308 37 301 133 79 501 
267 451 392 100 265 302 
207 82 24 173 500 398 
117 261 23 52 413 1 
152 270 395 460 298 188 
376 180 503 127 122 378 
379 171 394 77 244 409 
228 298 282 344 42 305 
446 297 386 90 50 272 
347 459 108 207 131 94 
244 464 50 114 126 435 
362 335 416 81 116 189 
149 485 295 87 274 172 
323 436 200 154 386 307 
508 393 184 236 348 225 
465 143 7 318 469 422 
76 103 290 216 71 76 
344 240 469 151 167 152 
36 451 147 28 335 322 
174 38 87 122 172 86 
132 507 313 199 93 86 
164 154 208 499 393 160 
43 312 428 70 254 66 
80 387 351 245 416 430 
79 7 281 210 5 78 
90 163 314 245 316 5 
192 164 360 226 475 279 
212 337 384 291 215 227 
123 140 377 201 146 149 
142 218 302 231 381 99 
180 95 194 364 259 37 
217 315 368 429 143 244 
350 462 222 472 93 82 
238 230 42 379 448 336 
312 434 60 483 13 245 
271 281 411 479 80 270 
214 5 86 55 458 307 
42 380 158 271 101 199 
32 26 227 335 452 278 
464 7 131 218 287 33 
358 295 71 56 291 156 
241 454 112 274 325 269 
417 459 170 441 485 388 
420 149 52 375 155 175 
434 207 263 283 501 325 
276 472 440 8 409 35 
217 295 317 118 245 478 
213 349 300 124 498 344 
136 10 57 61 216 312 
201 120 157 476 84 80 
484 114 247 193 408 48 
137 9 351 349 350 134 
331 477 446 466 486 495 
186 298 346 378 409 494 
492 66 303 460 171 33 
71 72 445 199 73 279 
422 412 503 244 373 433 
350 419 203 27 200 32 
100 10 224 76 67 18 
237 43 162 299 114 98 
186 368 20 91 263 14 
127 446 11 477 348 205 
39 229 383 139 238 98 
304 108 232 24 142 393 
255 482 303 433 341 322 
95 328 333 222 265 335 
105 23 168 143 251 34 
480 124 486 267 231 201 
364 85 97 102 58 399 
390 205 25 485 24 349 
280 175 371 384 189 22 
432 56 275 403 171 245 
401 445 444 248 22 32 
71 422 375 461 110 391 
133 231 110 413 397 472 
77 485 282 508 32 49 
194 293 40 86 221 483 
242 506 166 313 411 24 
13 414 177 145 128 278 
16 241 313 84 217 86 
241 126 462 434 410 501 
123 475 328 364 464 485 
366 508 416 378 413 76 
32 353 47 39 77 359 
286 445 190 10 54 143 
464 135 430 78 93 242 
48 218 77 413 218 484 
122 52 281 146 396 327 
473 170 298 250 98 479 
151 113 177 106 239 99 
323 340 92 370 49 168 
266 143 25 380 186 305 
74 115 184 38 284 482 
381 444 21 24 49 197 
279 295 288 94 118 379 
167 30 205 424 164 229 
350 17 295 423 132 471 
415 436 214 288 371 234 
411 422 423 182 209 202 
318 72 205 476 93 402 
257 122 162 98 139 449 
262 411 447 168 338 152 
192 377 241 95 290 156 
490 357 18 300 421 222 
5 115 142 253 229 304 
359 236 345 112 138 283 
467 426 210 150 294 450 
76 89 503 57 438 4 
350 226 107 346 332 248 
52 35 432 402 270 261 
407 35 268 357 461 477 
246 410 226 313 499 213 
428 216 209 261 441 315 
257 55 172 300 81 96 
351 356 190 241 382 449 
326 417 80 56 311 305 
301 9 229 212 225 438 
149 236 45 405 282 217 
363 304 374 205 143 55 
16 496 26 342 396 97 
198 402 256 490 402 477 
118 398 140 259 125 185 
407 401 335 261 188 200 
330 247 393 337 234 411 
121 499 50 311 392 298 
286 258 477 395 147 108 
271 292 292 169 176 110 
355 310 369 176 40 246 
273 140 166 385 130 208 
6 497 479 283 246 439 
392 38 306 146 322 81 
489 190 219 336 499 72 
30 317 507 294 448 157 
61 364 357 66 352 319 
89 249 1 472 279 306 
84 378 415 64 59 118 
42 189 386 63 497 376 
436 24 11 496 379 359 
222 170 385 302 410 385 
180 174 358 263 43 264 
94 381 201 135 53 70 
41 446 45 468 461 47 
332 406 493 37 67 369 
468 238 79 140 403 436 
446 184 204 23 48 397 
101 466 353 133 395 390 
348 436 32 171 325 8 
391 368 29 351 97 108 
492 27 367 429 210 55 
258 443 91 350 400 435 
279 308 66 118 228 89 
44 88 486 435 456 507 
36 98 234 19 124 84 
326 138 373 75 72 455 
464 382 389 234 181 455 
408 27 114 452 107 83 
46 73 130 81 170 355 
286 438 14 103 68 379 
131 325 76 78 198 464 
379 402 129 270 421 242 
19 317 74 64 389 195 
51 33 219 336 471 233 
22 103 90 144 419 157 
109 112 8 479 506 137 
418 370 445 436 178 2 
59 189 118 101 221 337 
183 61 349 196 155 430 
65 78 45 165 181 44 
178 180 359 87 34 287 
211 288 504 261 468 114 
181 442 280 355 502 120 
140 33 374 196 110 418 
283 461 479 460 125 321 
158 99 36 360 379 24 
338 129 473 10 62 245 
47 356 391 178 389 256 
490 157 209 256 101 172 
225 492 230 374 83 265 
461 288 330 290 408 294 
469 22 132 507 370 6 
242 261 41 215 409 249 
501 420 162 210 396 391 
470 147 292 422 427 113 
326 399 478 279 412 93 
265 98 453 498 350 485 
250 217 167 243 121 320 
508 202 10 469 348 294 
258 398 60 68 280 22 
176 114 106 440 204 42 
45 10 118 287 227 276 
339 87 456 338 288 465 
119 242 163 369 132 214 
411 227 265 70 333 370 
28 404 423 72 413 24 
123 299 362 461 385 309 
156 266 71 266 499 225 
122 439 53 17 157 309 
481 163 79 508 58 501 
462 8 421 77 306 275 
174 75 311 321 332 373 
315 90 204 436 20 249 
168 41 22 141 203 100 
252 85 195 206 92 108 
390 374 302 55 440 104 
256 477 446 62 50 141 
69 381 425 228 422 446 
116 29 492 360 105 178 
189 277 338 62 134 123 
66 227 475 321 187 412 
236 37 362 296 417 278 
322 207 359 430 228 334 
324 3 337 4 272 158 
405 280 165 470 498 131 
176 35 139 403 71 501 
479 262 189 293 461 39 
172 372 494 495 366 322 
129 471 39 18 242 203 
232 334 245 399 360 383 
422 367 475 392 113 155 
65 193 381 236 56 366 
422 171 196 34 133 227 
367 421 22 90 238 258 
89 132 265 502 491 232 
95 386 45 159 71 426 
118 275 83 31 438 271 
54 497 107 420 401 120 
131 377 473 211 501 229 
483 460 74 69 338 118 
400 27 88 9 294 170 
223 440 88 268 420 186 
313 306 164 435 166 128 
158 349 333 132 300 406 
121 8 418 4 34 497 
319 159 36 33 82 115 
502 300 464 298 97 119 
263 239 352 412 79 169 
370 58 227 483 65 129 
91 117 490 409 275 9 
357 123 218 342 423 173 
3 283 346 257 13 181 
83 341 188 453 399 414 
455 34 388 37 151 370 
417 370 355 265 493 64 
399 228 212 393 2 49 
15 222 294 89 54 481 
444 386 443 391 412 323 
54 184 340 462 37 186 
21 241 300 411 468 4 
462 44 437 468 257 214 
303 178 73 238 47 7 
458 329 15 503 504 346 
33 24 159 45 256 458 
208 453 243 161 497 163 
237 368 167 31 37 231 
83 238 372 33 58 378 
54 216 475 78 231 125 
486 67 61 177 3 303 
491 457 448 220 316 99 
352 329 2 427 58 366 
108 235 477 153 450 436 
164 52 343 134 110 404 
113 190 131 95 139 70 
454 168 48 290 497 49 
38 414 150 145 133 110 
74 37 10 230 81 353 
190 240 156 294 429 286 
59 356 186 505 7 225 
495 266 485 25 171 118 
303 227 458 369 264 459 
344 303 444 17 34 83 
463 369 183 5 208 360 
214 69 278 193 334 246 
504 363 377 291 82 318 
337 269 224 164 63 151 
89 225 482 35 85 148 
284 500 32 490 60 309 
385 47 390 372 401 250 
482 60 288 302 328 503 
382 137 129 470 362 94 
446 234 27 214 217 58 
268 358 368 144 396 241 
289 482 153 254 33 440 
352 427 504 226 55 124 
416 210 167 346 443 185 
151 242 245 410 83 96 
479 328 43 259 301 195 
326 119 43 169 37 39 
91 154 57 499 355 215 
281 399 386 423 124 114 
206 201 368 176 20 411 
312 89 422 121 207 464 
235 494 167 326 132 215 
486 429 135 259 311 12 
434 117 497 132 317 348 
328 242 217 131 331 130 
21 77 25 256 63 183 
194 390 372 163 310 506 
105 1 78 30 117 58 
425 397 452 244 131 152 
461 281 109 481 357 125 
419 308 284 96 189 147 
490 136 163 86 136 232 
244 281 260 160 170 195 
300 346 261 244 110 361 
467 486 428 369 277 203 
457 342 199 430 477 353 
105 77 107 348 357 358 
10 37 386 309 382 130 
492 491 244 442 460 163 
220 357 242 168 190 440 
159 285 80 255 353 186 
193 28 77 203 64 463 
437 84 31 412 58 274 
1 428 131 220 268 372 
458 296 460 100 72 31 
416 217 439 100 236 8 
299 462 289 227 37 319 
87 76 467 87 495 89 
254 453 169 195 240 120 
303 151 139 210 359 62 
86 61 87 376 14 367 
42 169 208 128 244 167 
222 247 5 475 183 165 
422 285 447 216 427 70 
269 123 210 346 183 288 
196 146 298 237 314 498 
41 148 55 262 386 51 
61 215 373 474 491 304 
409 365 82 169 487 283 
161 62 210 356 199 500 
4 489 432 36 128 486 
5 20 1 57 235 365 
217 152 196 110 8 277 
494 52 268 138 105 469 
304 460 53 299 432 476 
43 446 115 40 465 115 
183 472 118 392 115 305 
123 74 254 100 117 5 
213 474 206 508 425 250 
341 218 125 383 155 231 
103 338 10 286 301 119 
415 424 153 21 489 398 
89 403 334 293 368 31 
276 273 83 108 490 199 
128 429 396 230 250 397 
42 508 167 449 415 311 
387 201 57 475 95 390 
454 413 35 213 177 109 
150 299 295 277 212 174 
461 63 497 495 62 147 
476 450 379 346 142 436 
228 309 46 165 213 81 
381 181 181 22 480 475 
183 141 280 127 195 260 
248 398 31 207 339 410 
472 329 347 183 129 392 
334 464 208 206 137 388 
100 347 1 274 479 272 
165 15 5 404 405 35 
227 444 145 191 264 491 
385 374 196 210 322 395 
458 266 110 41 96 103 
66 374 205 222 381 201 
277 236 218 503 163 354 
419 336 26 295 194 221 
7 99 386 456 364 496 
460 90 301 9 455 505 
327 198 331 87 425 41 
79 386 242 489 214 267 
399 479 246 405 61 124 
425 111 339 368 192 131 
138 119 82 457 308 413 
216 445 92 287 322 334 
19 84 26 417 47 271 
107 386 148 23 496 486 
171 100 242 301 211 323 
10 219 267 226 155 359 
477 184 262 487 259 279 
305 34 192 412 419 340 
399 317 300 61 409 25 
111 347 93 112 58 360 
204 210 324 164 385 78 
135 348 22 432 381 213 
292 44 244 182 353 35 
253 51 79 355 398 171 
447 22 287 134 223 94 
99 163 432 226 3 453 
383 157 467 158 193 202 
37 229 57 289 279 135 
160 297 84 90 319 362 
25 456 5 124 110 436 
112 380 473 487 20 431 
212 124 459 240 344 7 
115 133 138 266 429 222 
231 75 63 256 22 67 
124 502 195 235 365 159 
376 81 341 72 196 291 
24 289 323 138 413 460 
333 165 242 48 240 304 
253 362 165 376 355 351 
203 1 299 63 73 131 
260 413 444 283 185 258 
89 202 299 414 366 32 
89 328 255 342 181 411 
20 253 295 214 245 86 
317 208 409 68 105 345 
289 86 246 378 279 36 
137 60 227 225 387 473 
59 367 251 70 103 29 
347 114 51 147 314 460 
418 288 40 198 365 286 
136 321 333 272 380 43 
258 7 22 309 373 264 
467 292 145 305 398 188 
203 139 141 112 418 180 
274 465 360 409 278 184 
141 227 136 399 225 149 
82 412 52 40 187 189 
76 376 271 270 506 411 
415 83 174 180 39 17 
308 192 228 449 418 363 
127 3 5 208 406 48 
85 236 67 152 103 338 
92 232 286 506 314 451 
345 459 234 136 143 461 
52 316 398 170 310 402 
208 450 108 284 177 166 
272 503 332 355 227 102 
24 44 6 368 495 239 
129 191 63 172 498 461 
300 346 210 499 287 309 
456 475 184 211 461 8 
171 109 401 195 144 406 
130 128 33 258 319 88 
300 40 263 83 385 464 
156 257 338 103 215 14 
167 13 361 330 121 246 
264 143 53 386 271 78 
73 165 48 364 196 302 
72 258 11 219 506 341 
212 346 109 370 358 462 
478 199 190 225 333 243 
87 312 229 159 476 276 
163 70 453 226 319 455 
316 287 241 11 116 350 
473 303 47 434 493 236 
317 470 244 404 273 472 
240 232 52 394 301 504 
103 451 40 410 221 280 
337 113 283 301 407 321 
391 49 369 200 10 104 
283 60 132 6 291 184 
75 179 503 177 113 34 
334 305 489 154 418 255 
316 68 164 199 108 16 
117 120 476 391 171 99 
461 274 280 19 445 274 
49 299 264 374 95 236 
504 482 465 304 33 120 
140 136 375 249 247 334 
417 424 11 361 190 290 
126 47 57 174 345 312 
432 39 50 427 4 6 
37 118 199 176 253 65 
491 390 39 391 306 41 
495 331 113 104 369 161 
206 472 300 121 502 350 
505 347 245 25 464 443 
200 500 100 174 381 130 
178 171 298 156 501 402 
353 54 20 50 9 319 
2 152 193 499 499 437 
446 371 207 130 362 299 
227 428 359 404 90 140 
74 34 310 427 79 329 
88 132 130 81 283 322 
265 242 78 203 104 276 
458 66 126 176 494 476 
75 108 114 141 141 424 
211 236 18 298 367 139 
134 452 441 398 185 2 
281 278 415 230 343 25 
328 500 459 395 99 65 
231 480 77 442 199 94 
50 233 85 183 176 10 
353 3 156 125 280 54 
107 78 242 426 70 192 
160 248 330 383 219 406 
418 492 22 467 216 99 
383 100 204 227 102 351 
374 405 188 480 474 421 
27 105 193 187 344 6 
55 404 360 464 387 381 
86 471 38 460 62 233 
156 68 13 21 464 193 
429 105 380 456 201 56 
37 54 178 83 457 29 
327 401 443 412 356 472 
409 188 25 56 247 30 
202 222 59 115 326 431 
11 478 179 47 23 348 
471 368 150 289 260 76 
99 31 39 508 210 63 
457 84 123 150 305 173 
115 87 317 125 57 495 
71 326 283 26 185 432 
437 499 498 27 21 28 
230 82 73 170 166 187 
462 359 67 68 438 376 
486 354 346 48 172 120 
356 35 379 284 25 360 
37 379 328 259 460 392 
109 70 223 63 421 282 
350 149 314 319 494 151 
157 263 423 505 297 293 
314 144 66 342 14 386 
465 269 504 58 331 218 
235 499 241 68 131 38 
117 181 235 265 435 149 
223 433 17 20 60 74 
65 459 437 22 212 432 
26 134 190 260 116 422 
247 452 204 355 116 438 
42 79 356 256 3 364 
63 437 113 127 380 33 
83 457 210 108 82 391 
189 297 177 427 240 380 
347 301 368 380 371 207 
366 62 386 420 490 498 
361 23 170 443 479 371 
44 254 392 232 34 52 
265 431 415 103 216 266 
78 472 92 443 17 478 
507 467 384 359 481 37 
443 407 311 478 144 195 
177 238 344 441 153 250 
368 8 508 437 471 92 
488 53 209 486 11 84 
484 112 105 410 3 416 
146 94 73 315 331 416 
475 149 258 334 148 257 
111 340 118 90 392 326 
395 402 386 362 5 491 
507 390 134 145 475 206 
289 105 173 256 246 430 
385 171 327 495 2 444 
386 254 126 264 147 504 
143 478 379 142 359 5 
317 202 212 89 299 384 
28 306 409 412 476 227 
469 163 458 346 416 68 
46 55 209 180 24 80 
374 76 82 182 269 293 
59 161 98 86 466 506 
425 224 372 385 378 321 
285 380 307 322 434 508 
457 71 306 322 138 380 
406 156 249 457 316 346 
265 335 7 173 50 378 
428 183 248 196 54 38 
480 37 503 420 107 292 
244 163 204 134 319 452 
118 281 107 375 107 106 
157 483 80 68 149 327 
203 365 264 166 393 250 
492 34 294 227 196 498 
506 441 433 108 214 24 
320 129 12 468 103 84 
252 402 274 446 250 29 
135 279 163 118 312 457 
499 438 180 489 362 104 
67 127 61 379 247 64 
342 139 349 77 33 114 
274 134 100 408 404 262 
199 202 345 190 123 8 
485 111 249 35 230 309 
476 364 227 301 503 59 
19 164 382 292 289 481 
185 227 192 383 420 20 
35 27 217 11 138 465 
359 257 442 318 113 152 
99 202 479 117 357 353 
137 325 83 313 35 275 
455 294 235 481 313 444 
450 400 11 292 149 444 
261 87 195 359 280 166 
128 10 366 265 326 441 
361 199 248 299 484 475 
288 410 237 221 301 239 
441 167 89 185 253 283 
25 448 493 152 449 351 
267 275 477 111 473 208 
448 166 155 220 67 383 
360 105 436 292 271 16 
8 290 503 24 222 488 
162 322 67 420 80 27 
44 226 414 483 392 52 
458 426 118 301 23 37 
285 44 45 284 333 31 
38 2 474 200 315 24 
394 42 117 429 267 22 
150 66 73 92 491 182 
505 218 468 282 261 504 
78 19 356 115 20 313 
327 336 409 212 377 9 
127 22 12 277 87 84 
70 258 235 58 475 187 
220 174 388 297 192 235 
204 39 201 22 366 93 
226 101 349 352 122 360 
209 436 471 270 185 190 
151 368 150 362 33 21 
217 247 37 420 285 229 
134 313 149 359 413 498 
18 341 314 218 268 268 
452 449 290 87 308 431 
341 451 82 41 189 110 
465 330 376 90 134 16 
30 505 133 47 338 438 
97 190 227 33 130 508 
430 430 50 254 372 123 
52 232 237 508 53 104 
186 111 20 207 108 145 
