100
 
0000010110111001110011100101011111100010011111110110001101101000101101101111011101001011111100000000001010110000100001101101011011000111111000001101001110001001110101101010111000100110000000011001100001101111010000010111110110010101111011011100111100111000
1111111001110101110100010101110100101001011001110110101111011011111011000010110010100101000001110111101000000100100010000100100001110010011001001100101010010110010001001101010111010110111010000101010000111000100001110000000011011011001110100000100001110111
0101101101010001110000001101101110011101010011001100101000011011111001000101111101100111011111101011011111000011010111010010011010011101000010001101110100010100110101011111010101111110011110100101011011100011011001111111001110100111111101100111010101001001
1110111011110001111111010101000110001110001111001011000000101010101001111100000010010011000010101101101100010111010000100000101100101001101110001000010010011010111101101101111000000111001011110000110011011000000000011000111100001010000000011111001110000101
0001000001010101111001100100000000101100000100110001100011111011011010111001101111110000111101111100001010001100000001000101010100011100101111001011100110111010001000001110011010100111100011100100010000000111101010111111111001000010100000011010110010101011
0010010100011001111110111100111010111111101010110110110101011000010010011110000001110100100001000010110001001000111100110111001111100111000110001010011000110100100100111010110110011111010111110100011001011100011010110001001100111111010111100010101111111100
1101111010111001110000100100110000001000101000001110010110001000000100110011011110010110101010010100000000111111111111010011110101010010101110001011111110100111100010001001100101010110111011011000100100001111100011010010010001110011000010100111110111010010
0111101110011101010111000100001000001010110000001101110000011001010110110010110001110000010110010001110111111011001010101000000010111101111101001000001110101101001011101011001001110100001111001000100110110000011011110101110010011011110011011000001010111010
1100111000011001010001011100101111011001111110110011110011111000010110011111011110111000001011000111010101100100001011011100101000001000010100001001000000101001101111011100101011001101100111011101001111101011101010101010100111000110011110011000010010100100
1011000101110001001100100100100101101110110101110000010011101011100101111000100001011110010100111011100110100000111100111110010000111101011100001000110110100011000011111110000110100101110011011001101100110000010010001101000010100000101100101101000101001011
0000010011000101001010110101011101101100111001001110110100011111110101101101001110111100101000101101110001110011101101101011101011100110111101001010011010100100000011100100000100010101001111100001100101000111101001001010011100001100011001100001111001000101
1001110001000001001001101101010111010101101011000101111110011110110111000001000001111100110111111100010010001111000000001001011101010010100110001011101100101110110110010101101001011100101111110101011111001100011001100100111101000101111000010000100000101001
0111101101100001000110010101100001000110100101110101011101101111100001000010111110011010101111010010100000001000010111111011100111111101001110001010001011111110011010110011011011100100011011100011011110010111100100000011101000111001001101011100111100110111
1100111011000101000000000111101011110000101111111011011011111100010000101111010001111011010000000110010111011100100110000111011100001000100111001101110111110000011010000000010111000101110111100011110011101000011100000100011101110101111010101111000101011000
1111000110001001000111011111010011110011110111001000111000011100010010001010111111010101001100010001101100011011100011100100100100111101100110001100010001110011110111110010110100111111000111110110010000110011111101101011010010011100000011100011011001010110
0000000000101001001011100110011000100001111000000110011110001101000010001101100000010111011011000111001010000111010000010000010010000110011110001101000111111101010011010001011000010111001010001010001001100000000101001110000011000000100111010110000100101010
1011110110001101001100100110111010010110011010110101011111011100000000100100001111110011100110101011111001000100011101110010101001110011010001001110101111110101111101100101111011100010111110011010100011011011111100011001100110101101010100011111111110000101
0001101010001001001010011110100110010101010110111101111101111111010110010001100000010001111100111100001000110000001100000111010011011110110000001111011001110011111100010111110101101010010110011110100010000100001110110111110000000011000001101011101011001011
1110111101100000010101000110001100100111001100001010011010101111100111011110001111010111100001101100101111101111111011010101101011101000011000001110100111101000001000110100000101000011100010001010001011011111110110110000001101011011110000100000110111110101
1101001101000100010011010110010110110110000010000000010000010110100101111011110000110111011111110010011101101011111011111001011100010101010001001101000011101010100100100010101010110011001110111011100000001100001111011111001000111110011101010100011110111101
0110000011100000010100101110110100010001001000110111110111010111111101110010111111010001000010010110001110111100001110001010110110100110100010001100110101100110100100000001101010011011111110100111110000110011111111111000111001110010101010001001000010010010
1001110101100000010010110111111000001011000001111101010101100101101111010111010000011010111101000001101001111000001101111100001101010011101010000101111011000100001001111001000101100010111010100011011111101000000110111111111110011010011010101001011011001100
0011101000000110011111100111000011011000010111011111010100110000101001110000101111111110100001010111010010000011110000011100110111111110000011000000001111001011101101001010100101100000000110110011011110110011111110010001000011000111111111110100100101100010
0100111110111010011000011111001001101111011101000010110010010001011000111101000000001100111010001011100000010111100101101011000011001001100010000011101001011001000101101100001011011000100110000111110111001100010101110110000110101011001100010100111001101110
1111001010111010011110000111111001101101010011101000010001000000001010011000001110001100000110101100010111010000000110001011111000110100111010000010010011010001000000011110011010111001011010011110011101001111100101110001110100100011110001000011100000010001
0100000100011110010001000111010111011110001011111011010110010010001010100010110001101010011011111100110100000100010011011101000010000100010001000011110111010111110100101101110100000001111110011010001100010100011100001110100001011100000000101111010100111111
1001110110111010010111111111001101001000000101010101110100100011011000100111011110001000000101100010000011001011110010100100111100010011011000000000001001011101011010001101010101101000000110001110100111101011100100001001001100110000100101111110001101110001
0011101011110010010000100110100111101001100110000110011111100010101110000010110001000100111000110111110001111111101101000010000111111110111000000001101101011000011010011010111011101000100011111100101110110000010101101110011001111101010011010011110001001101
0000111101010110001100010110100111111010101110101010001011010011101111001101001110100110100111010001010000111100011100110010110111001001100001000000111011010010110111101000111011010000110111101000001011100011101101000000111010000101000010000011101110000010
1111001001110010001011001110011000101000110000111001101000000001111101101100000001000000111111000111100111100000011011010101001101110000001010000011000101000100010011001011010100111001011111100101100001011100010101000111101111001001111111101100110110101100
0100000111110010001001010100010010001111111010010011001010100000111101000001101110000001000000011011111101110111101010100111110010000101101110000011100001001110111011111001100100001011101011110101110000000111100110100000010010101100011110111000001011110010
1111110010010110000110100100101010011100110100000100001101110001101111000110010001100111011100001100001110110011101111010011001000110010100111000010010111001111111110011101101011100010000111000001011011011100011110001111010100100100101001010001010011011110
0001100100111010000000111101101000100110110100101110101111000000011011110011111100000111001011111100101001000100110000111000101000011111001110000101111001000001001010100110001001011010110111000101010010000011000011001010100101011000011000000101001110110101
0010111110011010000111100101010110110001101011111010001000000010011000111010110010100001110110110010011010001000000001101100010011101011011110000100001001000011100010010100100101011010011011010101110000110000100011101101100000110101101100101100111010101011
1001001010011110001001000101011100010010100001010001000000010111001010011111001101101011101100100111101000011011000100011110101101010000110101000101000111001101100111110011000110100011001111001000111001101011011010010011111101111011000011111000100001000101
0110000101111010001100011101110100000000101001000011100011100110010010110000100010001011110001110001001111011111110111111011010111100101011100000110110001010100001011100001001010001011100111111100000100110100100010010100011010000011110010010111111101001000
1101110001010010101011100101100111110001100111101100100101100111010000110101001101101101001111000101111100001000110010001001100100010010011100000111010101010110101101010010111001101011010011111100100111001111010011110011001011001110000111000110000000110110
1011100111000110110101110101001101110111110101111110000110010101100100010000110010101111010010001010001011010100000011101011011100111111100101000110101011011000000101110010010101010010100101101000101111011100101001111100111110100010100110101010011000111000
0000111001100010110010101000010001100100011011010001100000000100110111111010111101001011001100011000100001110011011100010110100011001010101110000101001101011010000000000100110111011000001101110000001100010011010000011011110000111011010001111011000101010110
1011001101000010110100010000111011010111010010001001100011100101110101101111010010101000110001001100010010100111111101100100011001110001000110000100111001110111111100110111111010101101111001000101010101101000100000111100000101010111000001011111111101001011
0100001010000110111011000000111001010001001000101010000001110101100101000010101101100100101010110010000111101100101000000000101011000101100111000101000111100101011100010101011000000101110100000001111100110011011000110010000000110011111100000000101000100101
1101110010101010111111011000000011100010000110110100100100000110010111000101000010000110110110110111110101111000001011010011010000010010111110000000000001101011011001100110110100111101000100010001011111101100100001010101110001111010011011100000110110001011
1110100100001010111000100000001111111001000100010110101110000111010010101100001101110000001001100001010110111111011110110111001100111111010110000011110001101001110101000010100111011100101000000111010111011111001001110010101110000100101010111101011111011101
0000111010001110111110100000110100001111001000001001001101010110000000001001110011110000010101110101100001001010100010000101110110001010010001000010011111100000010101011000001111100100011100111011111000000100111010101101001011001000011111011101000011110000
1011011111101010110001011001010110001110010010101001101011100110010010001110011100010110001000001010010010010100100001111000010101110001111000000011101001100110111001101011101000101101110000111010101001011011000010001010011110100101101110000000011010111010
0000001001000010110111000001001110011101011101110010101000100111010010100011110011110100110110001000110000010001110100011010101011000100010000000000000101101100111100001101000010011111000000101110000000100000111011001100110100111101000000100100100110000100
1111110101100110110000010001100000101111010101010100001110010000100000000010001100110100101111011100000111000001000101101100010011110001000001000001110011111010000000111110001110110111000100111010100010110011001011100011100001010001110101111111111011001010
1100100011100010101111101001101010101000011111001111101111000001100101011111000011011010110000000011111100001110000010011101101000011111101010000000110101110010100010001110101101010110111000001010101011101100110010000100000100111100000100011010100001100111
0110110010000110101011110011011000011010001001101001101101100001110111111000101100111001001100110111001011111010110011111011011010101010100010000011001001110001100111101101010001101110011000000110000000110111001010000011010001100100100001000110010100101001
1001011100100110101100100011010000001001000011110010001010110000100101111101010011111101011011110001101001111101111110101011100100010001000011000011101111111111001011011011010010100110100100010011010001001100111011101110101010001001010010100111001000010111
0010001010111010100110011010101111101110101111010010100001100011001101010000111100011111000111100101011010101001001101001101011111100100011010001010011001111101101011101001111110010111000000000011111111010011000001001001101111001111001111111011110000111001
0101110110011110100001011010100101111100110100001101100111000010011111110011110011111011111100111010001111110110011000110100100111010001110010001101110001110001000110001010011100111111111000100111011110010000111000001111011010100011111111011000101101110100
1110100000111110100111100010000111100101111010101111010100010010001010111111001101111001100001001000101100110110111111000010010100111110011001001100000111101010000010011010110001000110011101111111010111101011011100110000011100111010011000001100110101001010
0100110101111010101000111010011111010110111010110001110100100011001000011010100010010111111111011100011110000001101110100010101010001011011000001101111001101100111010111101110011100100000001101011111100110100100100110111000101010110101101100001001010000100
1011011011010110101110101010110001010000110000011010110011100000011010101101001101110111000010010011101001000101000011010101010000110010100000001110111101100110011110001111001110011100100001111110101101101111011101010000110000011010011100110001010110101010
0000001001110110101011010011101011100011101110001010010001010001101010100100110010010001011100000111010010011010010000110111101001000100101001001111001011100110111011110100101100010101010101011110000111011100101101111111110101100011100001011100001111110111
0001110101110010110101001011001011110000100100100101110110001001101000000001111101010011000001110001110000011110100101100011011011010001001110001110100101001001110111010110000000110101111001001010101110000011010110111000000010001111000010001111111011011101
1110100010010110110010011011010000010110101001110111110100101000111101001110010010110110101011100100000111001001100100011000110101111110100110001101010001001011010101100000000011001100001001010100101011011000101110011010001011000011110110100011100010010011
0100110110110110110101100011111010000101101011011000011111111111101111101011101101010100110110101010110100110001010011111100001110001111101111001100110111010101111000010001101111100100100101000100000000100011011111110101111110111010000111110110111110101100
1111011000011010111011111011111100010111110101001010011011101110101101000010000010010100101001111000010011110110010010001110110100110010011110001101001001010101111100110011001100010100110001100001010000111100100111110010111000110100100000011110000001000010
0000001110011110111100111011000100110110111111100001111000001110011101000111001101111010010101001100100001100010001111101011000100000101010110001000101001011010000100100100010010011101011001110101111011101111111110010101001101010001010101001011011001001110
0011111011111110111000000010001110100001010111110101011010011111011111110000110000011000001010010011110010100101111000011001111011110000111101011011110111011000100000010110110010100111101101100101010010110100011110001010010000011101001100100011000100110000
1000100101011010111111011010110100011011011001011111011101101100001010011101011110001100010110010111010111111001111001101001000001011100011100011010010001010010001101110101011101000110011001111001010011001011100111101100110001100101111001110100111000111111
0110010101010110110001101010010000001000001010001100111111111100011000011000110001101110101111000001101100111110001100000110111011101111000100011011100100000110001101000101111101111010110001011101111001010000011101001011100110001000011011001000100001010001
1101011011100110010110110010011011101111000110100010011000011101111010110011001110001000110000110100011110001110001111010100001000010010101101011000011010001101101001100011110010010010000100001100100000000011100101000100000011000100101110001001110101001101
1110001101000010010000101000100001111101001100100001010010001100100010110111000001001000101100101010101001010001110010100000110100100101100110011001111100001011000100010000010010100011001000011000000111101100010100100011011110111100011111110101011100100011
0001111000000110001111011000101011001110010010011101110011111111110000010010101110101111011011101010001010010101100010000011001111010000000110011000001000000001000100101010101100101011111000000100101110110111101100000110101100110001100010110100000010001100
1010100110100110001001000001011111001001011000010110010101111111110101111101010001000111000111111101111000000010000101110111110101111101011111011011000110000001111010001001101101000011010100100100101111101100010101001001101001011111000101000011011111010010
0100010010001010001100011001010101011011010000100100010110101110100111111100111110000001011100000011001111000110010100010101000011001110110110011010110000001111011110011101000011110010100000110000010101010011100101101111011100000011110100001111100111111010
1111010100001110000010111001101111101010010111101011110000011111010101000001110001100011100000010111101100111001110001101000101010110010010110011010011000011100110011101110100010011000001000100001011100000000011110010000010001101010000000111110111010110100
1100001101101110000001100001100111101000001101011001010011011100010101000110001110000011111111010000011011101001100010011010010000000111011001011101101110010010110011001100001100101001111100110101111111011011100110010111000010000110110011110010100010001011
0001111011001010000110011001000000011111000001010111010001101000000110100011100000000101000010000100000001101110011111111100101010010000110000011100001000011010010111111010001100100001111000011001010110100101000011110000100111000011011110000011010111000101
1010100101100110001000001000011010001100101011100110110100111001010010001010001011100111011100111010110010111010011010101101011101111101100000011101110100011100111010001001110011011001000000001011011000111110111011111111110010111011001111001111001001101001
0000000001100110001111010000110000110110100101101100011110011000010000001111110100001011000001101010010111110101101001001011100111001110001001011110010010110111111010101001010011111000100100011111101001101101000010011000001100110111111010111000110000110111
1111010110000010001011101000101000110001110111011011011101001011100010100000111011101000111011111101100100000001101100111011011111110011100010011111000100110101000110011010111100000000011010011010100000110010110010111110001101011010011101110000101100011000
1100001010100110010100111000001110100010111110010001101010111011100010000101010100101100100110010011010110000010111111001100100100000110100010011110111000101001100011111100111110101001111010001010000011001001001010110001111000000100101101000101110100110110
0111111100100110010010100000000100010000110000100110001000111010110001010000101011001110111001000111110001011110000010100100010010110001011011011101011110101011001011101111010010101011000111110110101011010010110001010110111101101100010000001100001001101010
1000101110011010010101011000111100010001101010101110001111101011100101111011000100101000000101010000000010001001000011010010101000011101010010011100101110100100001101010101100001010011100011100010100000001101000001110001000010000001100011111000010101000101
0010000010111110011011011001110111100110100100011101101111011000000111111110001011101000011010000100110001001101110100100011010011101110111010010101000000100110101001110101101101111010111011100010010001101110111000101110000011011101000110110111001110000011
0001010101111110011100100001000101110100100100010011001100011000010101010010110100001110000110101010010111111010110101000101001011010011011001010010110110101110000100000010001111001010011111110111011100110101000000001000110111110101110111000111111010111101
1110001001011010011010111001101011010111101010100000001010101001001101110101011011100100111111111011101100110110000000010111111101100110000000010011111010111000000100110000100010100010101011001011111111101010100001001111100000111000000010000010100111110101
0101111111110110011111101001110011000001110001101110100001111000001110111100110101100100100001101101111011100101011111110010010110010001101000010010001100110011111000010011000000011011000111011011010111010001011001100000001101011100111100111010111111011010
1010101001110110010000010011011001010010111001010110100111011011011010011001001010010010111100111011001001100001111110001000101100111100101001010011101010110101011101100101001101011011110111011111011100000010100000000111011000000101011101111111000010000100
0000000100010010010110001011011011101001010111010101000100001111101000101110000101110001000011010111101010111110101011111100010101001101000110010000010110111101110101010110111111100010011011001111101101011101011010000010111001101011101000000011011010101010
0011010110110110000001011010100111101111010101101011100100011110101010100011101010110101010111000000011111101010011000011111100011110011101110010001110000111011110001110110010011001000001111111010100100100110101011101101101110100111111001000000000101000110
1100000010010110001111100010101100011110001011101000100011111111111010000010010101010111001000010100101100001101011101101011011001000110111111010000000110110000010101100100010000111000100111100110001110111101010011001011010011011010011110111101111001001001
0101111100011010001000111010010110001101000011010110000001101101101001001101111010111011110000001010001110011000101100001001100010010001010110010011101110100010111100000011111000010101010011100110101011100010101010001100010111110010101111111001100000110111
1110101001111110001100111010010100101111001100010101100010011100101101101000110101111001101111101011111001010010100011011101011000111000011110010010111000101110101000110001011111011101101111110000100000110001011010110011100100111110010011000000110100111001
0000000111011110000011000010101000111000000110101101100100011101011111001101001010011111110010111101000010000111110010100110101100001101111101010011000110101100000110001010110101101100001110000100010001001010100010110100100001000011100100000100001101010101
0011010001011010000001011111100010101011010110101010001111101100001101000000100111111111001100101011110001000001000110000100010111110010100100010101100010100010100011101010100001000100111010010101011011010101111001010011111100001011000101111111000001001010
1000000101110110000110101111001000001001011000010000101001111110001101100011001001111001010001110110010111110100000101110000101101000111001100010100010100001001001011011100001010111100110110011001110010001110011001111100011001100111110000111011011100100100
0111111011000110001000110111011001011110010010010110101000011111011110011110110110011011001011010000100100101010110000010011010011110011100101010101111010001001001111101111101110011101000110001101010011111101100100111010001010100010000001000110100110101010
1100101010000010001111101111110111101100001100101101001010001110111010011010111001111110110110000100110011101111111101100111101000011000100110010110001110010111100010001101000101100111101010111101011000110010011100011101111111011100111110000110111011010110
1110000100100110101000011111101101110101000101101101101101010111101000111101010110010100101000011010010001111101001110010101001000101101011110010111001000010101000010011110000001100110011110111001100001101001101101110010110011110101011110111011100111111101
0001010010000110110100000111000111010110101111010010101111110101111010110100101001010100110101001011100010110000011011111000110010010010010111010110110110011000010110101010101011011110110110100100100111010010010101110101000100111001101011111011011110110011
1010000110001010110011011110000111000000101001011000001000100000110010010001000110110010001010111101010111000110111010101010001101100111110110010101010110011010111010001001011110110110000010110100001110001101101100010010000101000101111110001100001010001101
0101111001101110110101111110111001110011110011101111100010010001100001111110001001010000010110111001101100000011101101011110110111010010011110010100101000010100011011111011010100010111001110000000101111011110011110101100110000001100001101000001110011000001
1110101101001110111010100110110011110000111111100101100011010000010101111011110110010100001101100110001110010101001100111101000110111001010001010101001110000110110111011101110001101111111110000000110100100101100111101011101101100000100000110001101101101110
1100001011001010111100011110001010100110110101010110010101100010010111001010011001110110110001110000111001001000010011001011111100001100100000010010111010001111110001101110011011100111011010010100011100111010011111001100001010111100010001111100110000110000
0011010001100110111011001100101000010101111010011010110110110011000101000101110110011000101100000100001010001010100010101011000010110000101000010011000100001001011100010110111111010110100110001001011111100001111111000011011011010101100111001100001000011110
