100
 
00011001100100000001111100000101011101000110100000011010001110000000010100001000010000000110111001111111110010101001000011000001
11000010000110100101111110100011001000011110000110010101101001010000111100001001110000110111100000110101110001011010100101100110
00100000100001101000110010101110011011010011100101001000101000101110011101110011101011001011101001101010110101110111110110000001
11011101000111001110100010011100110110010000000010110110001111101110111111111100101110110011110011110010011010010000000001100110
00111101000011000011011010010110110001111001100001000000111111010000101100000110101001011111010110100100101110011100111000100101
11100100101101111110101010010100111110001001000111111010011011010000100110000011001101111110101110001100001101111111010110000010
00101110100010100011000111011101101101110100101110001010000011101110100011101111110110010000000110110011101101111111001110001001
11110001001101010001100110101111000000000110100110101000001100101100101111100011010110100111011100001011000110001100001010100110
01010011100000111010001011111001000110101011101110001000010101010010110010011001001101011000001011111100110010010000011010001001
11101110001010011000111111001111101010011110100010100000110010010010101100011110000001001011010001011101001101100111111100100110
01001010000000010001000011000010011000100011101011000101000010101100111011100100011111000101111000001010010001001011000101101101
11010111101010110010111011110100101010110001111101101010110100101100010101101111011011000100000011000010011010101000101110011010
01010101100011110001000110101010111000111110101110010111101100010010100000010101000000001000100100001101001010100001110101001001
11001011101001000011010101011000010100111000111000101000000011010000011100010000100000011000111110000101010001010010000010111110
01101101100111011110011010010001110110111101100000011111111000101110100001101000010011000100110111010010001101001110111011101001
01010000001001101010011101011011011110101110111000100100011011101110001011100000110111010001101101110011100000110001010101111110
01110010000100010111010010010001001100110001100001010101001011010000111000011010101001011111101011010100010100101101001101100101
00101101101011100001000000100011110010100111111101110111001101010000000010001101111101011101110001111110101111011110001001011010
01101011100110101101011110101010000000101010100100110111010101101110010011111111101110110011011000000001011111110110011000000001
00111110101110000001001100001000101000101010110010111111111010101000010011111000001110000000100000101001111101010101111111110110
01111110100111001100000111000110111010000111100000111011110011010110010010000110110111101110010101111111001001011001000110100001
00100011001100111110000100110000000110110001110110110101110100010110011000000011010111001111001110101111110110101010101001110110
01000001001101100101001011100101011010011101101101101001100100101001001011110011101100100110000111111000100010110011110010100101
00111010101101010111011001010011010110111101110111110111000000101000000001110110000001010111011111110000100001000000000100010010
01011000101101101110100101011101010100010000111110100010111000010111000100001101011110101011111010101111110001010100110100011001
00000101101111011101010101101111111000100110110011111011010111010110100000101110011010111010000000110110101010100011010110110110
00000101101010011110111101010110101110010001111010101010001110101011010101011100000001111110101001100001111110001111001110111001
00011100001110111100011101100100110010000011111110101001001001101010111011011011101001111110010000000001010001101100000010010110
00111110001010110001111000101110100010001111111111101000001001010101011100100001010010110000110101110110101101100100011011111101
00000001101100000101011001000100001110001001111001100011101111010100110010110100110110100111101111011110010010010101111100011010
00100011101001011000110100001101011000000110110110100100110111101011101111000000101000111001100010110000100110001001000101011001
00111011101000101111000000111110000101010100111001101010111000101010100011000101111100101011111110011000001101111110101001111110
00110011101001010010111100110001010110001001110010110110100011010111100110111110101111100101001010001101110101100011100001111001
00101110001011101010001100010111110111011011111100001000001100010110101100111001001111100100110000001101001110010000000111011110
00001100001010100011100000011010110110010001110101111100110100101001111111001011110100001000011111001010011010110000110111110101
00110001101011000001100010101101011011000011100001000100010010101000101101001000010000111001000001000011010101010011010001011010
00000101111110001010101101011010101000111110110000110100000010011111111100110010101111000100000100011000010001011111001010010001
01011000101000101000111010101000010001001110100101010110110101011110010100111111000010110001011111110000010010101000000101110110
00011010111100100000100101100001000010100111111000110110001100100111100101000111011001011111010000010111000010110100011100110001
01000101000010010010110111000010101111001101100110011100100011100110011111000110011001111100001110110111001001000111111011000110
00100011011101100101111001001001011010100001111101111001111011011001101100101101000010010010101011000001001101001111001110010101
01011110100010010011111011111011100111010001100011010100111111011001001110100010101000100000010001101001101010101100101010000010
00111110111111011110110000110010110100101000111011101001101011100111111011011000010011001110111111110110011110100001100010011001
01100011100101111000100011010001011001111010101111010110001100100111000111011111110111001111100001101110110101101110000100100110
10100001111110110111010100010110110110110101011110100011110101011001010010100001101001000111110100111001010100100010110101111001
01110010000101010000100111100000011001100111101110011000011010011011011100101100111101010111101110111001111111010001010010000110
11010000011100011101011010111101001010111111010111101011010010100101010011010100101110001011000001101111100011001001001001011101
01101101100110000101101010101010110111101101101001001001110100100101011101010001001110011010111110110111101100111010000110001010
11001101111000011100000010100101100000100010000011001001000100011011001000101011110101011100011011101010101000110110011111011001
01010101100110101110100010010111101101100000101101000011100011011011000100100001010001011111100011000010100011010101111001101110
11010111111011100111001111001110111110001001000110000111111000100101000001011011100110110000001110110101111011011101001001111001
01001010000101000110111110110101000101110011100000001011110111100111101011001100000011000011010000011100110000011110101101001110
11101010011011001111000011111110010110001101000001010111101111011001010000110110011000111001010100110011110100011011100101000101
01010011100001101101110111011100011011111111100000001101001001011001111010111011011000001000001100011011011011101100001011001010
11110001111000101010011011010101011001010110001001011100101001100111011011000111000011100100100001001100101111110000110010000001
00101110100011111100011011100110111001110110100101000111001110100111110011000010101111000100011111001100001100000011010001100110
11101100110010100001010111101001101011011011001100010100010111011001100010110000010000101000101010001010101100001011000010100001
00110001000010010111000101101111110101101001100010010111111000011111110000110110110101011001110011000010000111101000000100000110
11111101010011001001011010101010100111000000001001010010000000100001100011001100101110100111111110011101110011100100011100000101
00100000100000111111001101011101001111000001111110011101101100100001101001101111111110110000100000110101000100110001111010100010
11000010110101110010000010000010001101001100001101011000110100011110111100011101101101111111000101000010010000101101001010001001
00111101100001011010001000110000000001011110111111010110110011011111100000011000001111111100111101110011011011011110111110100110
11011011110101010011000110111001010111000001000110001000100010100000111101100000110100110010010001000100001011001111100111101001
00000110000011000001000100001010111001010111111010110010010101100001010011110001010000100011101111101110010000111100001000000110
10000110010110011000101111010001111011010010000011000010001101011100100100000011100110101110001000110001001100110000110001001101
00011011100111101001011100101011010111010001111110111000000011011101011010000101000010101111010010101001100011010111010110111011
10111100010110110000100011100010101001111110000111001000011011100010101111111111011001000011011111111111010111011011000101001001
00000011100100000010010000000001010101001000110001101000111100100011000011111000011001110110000000111111101100001000000011111111
10100001110101000101111101101110000101110101000110001101001111011100101110001110000010001010110111101000011101010000011011101001
00111100000100100011011101011000101101000101110000100010101100011101000100001011101110111010001101100000111110100011110001011111
10111110010001101110110101010100001111101000001000000111110100100000010111110011010001011100100000101111001010111111101010000101
00100101100111111001000101110010100011011111110100101000111010100001011101110110110100111111111010000110110101000000111101111011
10001111010011100110111000111101110001100010011101010111110010011110011100000100101111010001111000110001100001001101100100100001
10110010101101010000001001000111011001110010110001101100010101011111011100000111110111100010100010010001100010101110001011110111
10010010110010001101100100011111111001111111011000011101000100100000001100101100101100011001101111110110110010100110110010100001
11001011001100110101100000101101010101111001111110100111000011100001000110100001001000001000110101011110101001110101010110010111
10011001010000111100101100100100000111111100011000010111011011011000000101011001110111000100010110000001111101101001000110000101
11000110101010011110110100010100110110101101111110110101110111011001101111011100010011000101100101001000010010011110000000110011
10100100010001010110101000101100100101110000011101010011001111100110010010100000100001001000000000001111101110010010011000111001
11011001101010010110111010011110101000100110011011111101101000100111101110101101000001011001011000001101010101110001110110110111
10111101110011011111100101011011101101101001010010111001111001011000011011010111011010000111001001011010100101110101101101111001
11100000001001101101110010111111000000101011011110110111001110011000110101010000011010010000011011110010001110010010111010010111
10100010010110111010111101110011010011000110010110101011110110100110000010101111000011011110111111001000110010011111101011011101
11111101101001001100111111000101011110110001010010110011011000100100111100100010101111011100000111110000001101001100001101111011
11011010010100000001110001001000011001011110010111100010000000011010100001011010010000110010100110000111011001010100110001111001
11101111101010100110100011101000110100111100000001111001001111011010101101001111110101000011010100100111010010100111011101011111
11001101110100101001011001100000100101010001010010101000010100100100111000110111101110111111110001110000010010101011000101111001
11010010001110101111101011011010111000100001000101101011110011100100100010111110110110001110101000101001010001001100000011011111
11010100010111100010000100000011100111011000011110101100000011011010110001000100101101100011101001110110000111000000011010010101
11001001111100011010100111010011001010000011000000100011110101011000010011000011001001010110111011111110001000101001110101111011
11101001011111000011001010011011001001001110011001100110101101100110110010110001110110101000011100101001001100100001111110110001
11010100111101110000111010101001100000001110001001100000000010100110011010110101010010111011100110001001101111110010111001010111
11110110111100111001000010110100010001000111011000110100111011010000101011001001100000111100010110101111011110101111101000110001
10101101011111011001110010000000101100010101001111101100011100010000000001101100000000111111000100000111110101011000001110000111
11101111011010010000000111000100111111001010011100111100001100101110100010011100011011110001000011111010010001010100110110010101
10110010111110010010010110100010010110011000001010000110001000101000000000011001011111100000011001010010111110110111011010100011
11110010011010010111011011101111100101010000000001111110010100010110010101100011000000111000111000110101100010111111000011111001
10101011111100100011011110011111011010000010001111010100111011010110011001110000101100101000001010011100101001011100000100000111
11000001111001111111010011010111001001111101000110110001110010101000011100000010010110100100101100000011101001010000010101011001
10111110011001001001000011010101101000001111000111011100110101101000010010000110110110100101010110001011100010001111110110000111
