@1000
00 00 00 00 
@1004
01 00 00 00 
@1008
01 00 00 00 
@100c
01 00 00 00 
@1010
01 00 00 00 
@1014
01 00 00 00 
@1018
01 00 00 00 
@101c
00 00 00 00 
@1020
00 00 00 00 
@1024
00 00 00 00 
@1028
00 00 00 00 
@102c
00 00 00 00 
@1030
01 00 00 00 
@1034
00 00 00 00 
@1038
00 00 00 00 
@103c
00 00 00 00 
@1040
01 00 00 00 
@1044
01 00 00 00 
@1048
01 00 00 00 
@104c
01 00 00 00 
@1050
00 00 00 00 
@1054
01 00 00 00 
@1058
00 00 00 00 
@105c
01 00 00 00 
@1060
01 00 00 00 
@1064
00 00 00 00 
@1068
01 00 00 00 
@106c
00 00 00 00 
@1070
00 00 00 00 
@1074
01 00 00 00 
@1078
00 00 00 00 
@107c
00 00 00 00 
@1080
00 00 00 00 
@1084
01 00 00 00 
@1088
01 00 00 00 
@108c
01 00 00 00 
@1090
01 00 00 00 
@1094
01 00 00 00 
@1098
00 00 00 00 
@109c
00 00 00 00 
@10a0
00 00 00 00 
@10a4
00 00 00 00 
@10a8
00 00 00 00 
@10ac
00 00 00 00 
@10b0
01 00 00 00 
@10b4
01 00 00 00 
@10b8
00 00 00 00 
@10bc
01 00 00 00 
@10c0
01 00 00 00 
@10c4
00 00 00 00 
@10c8
01 00 00 00 
@10cc
01 00 00 00 
@10d0
01 00 00 00 
@10d4
01 00 00 00 
@10d8
00 00 00 00 
@10dc
00 00 00 00 
@10e0
00 00 00 00 
@10e4
01 00 00 00 
@10e8
01 00 00 00 
@10ec
00 00 00 00 
@10f0
00 00 00 00 
@10f4
00 00 00 00 
@10f8
00 00 00 00 
@10fc
01 00 00 00 
@1100
00 00 00 00 
@1104
01 00 00 00 
@1108
00 00 00 00 
@110c
00 00 00 00 
@1110
01 00 00 00 
@1114
01 00 00 00 
@1118
00 00 00 00 
@111c
00 00 00 00 
@1120
01 00 00 00 
@1124
01 00 00 00 
@1128
00 00 00 00 
@112c
01 00 00 00 
@1130
00 00 00 00 
@1134
01 00 00 00 
@1138
00 00 00 00 
@113c
00 00 00 00 
@1140
01 00 00 00 
@1144
00 00 00 00 
@1148
01 00 00 00 
@114c
00 00 00 00 
@1150
00 00 00 00 
@1154
00 00 00 00 
@1158
00 00 00 00 
@115c
00 00 00 00 
@1160
00 00 00 00 
@1164
00 00 00 00 
@1168
00 00 00 00 
@116c
00 00 00 00 
@1170
00 00 00 00 
@1174
01 00 00 00 
@1178
01 00 00 00 
@117c
00 00 00 00 
@1180
00 00 00 00 
@1184
01 00 00 00 
@1188
00 00 00 00 
@118c
00 00 00 00 
@1190
00 00 00 00 
@1194
00 00 00 00 
@1198
00 00 00 00 
@119c
00 00 00 00 
@11a0
01 00 00 00 
@11a4
01 00 00 00 
@11a8
01 00 00 00 
@11ac
00 00 00 00 
@11b0
00 00 00 00 
@11b4
00 00 00 00 
@11b8
00 00 00 00 
@11bc
00 00 00 00 
@11c0
00 00 00 00 
@11c4
01 00 00 00 
@11c8
01 00 00 00 
@11cc
01 00 00 00 
@11d0
00 00 00 00 
@11d4
01 00 00 00 
@11d8
01 00 00 00 
@11dc
01 00 00 00 
@11e0
01 00 00 00 
@11e4
01 00 00 00 
@11e8
01 00 00 00 
@11ec
00 00 00 00 
@11f0
00 00 00 00 
@11f4
00 00 00 00 
@11f8
01 00 00 00 
@11fc
00 00 00 00 
@1200
01 00 00 00 
@1204
01 00 00 00 
@1208
00 00 00 00 
@120c
00 00 00 00 
@1210
01 00 00 00 
@1214
01 00 00 00 
@1218
01 00 00 00 
@121c
00 00 00 00 
@1220
01 00 00 00 
@1224
01 00 00 00 
@1228
01 00 00 00 
@122c
01 00 00 00 
@1230
01 00 00 00 
@1234
01 00 00 00 
@1238
00 00 00 00 
@123c
01 00 00 00 
@1240
01 00 00 00 
@1244
00 00 00 00 
@1248
00 00 00 00 
@124c
00 00 00 00 
@1250
01 00 00 00 
@1254
00 00 00 00 
@1258
00 00 00 00 
@125c
00 00 00 00 
@1260
01 00 00 00 
@1264
01 00 00 00 
@1268
01 00 00 00 
@126c
01 00 00 00 
@1270
00 00 00 00 
@1274
00 00 00 00 
@1278
00 00 00 00 
@127c
01 00 00 00 
@1280
00 00 00 00 
@1284
01 00 00 00 
@1288
00 00 00 00 
@128c
01 00 00 00 
@1290
01 00 00 00 
@1294
01 00 00 00 
@1298
00 00 00 00 
@129c
00 00 00 00 
@12a0
01 00 00 00 
@12a4
01 00 00 00 
@12a8
00 00 00 00 
@12ac
00 00 00 00 
@12b0
01 00 00 00 
@12b4
01 00 00 00 
@12b8
01 00 00 00 
@12bc
01 00 00 00 
@12c0
00 00 00 00 
@12c4
01 00 00 00 
@12c8
01 00 00 00 
@12cc
01 00 00 00 
@12d0
00 00 00 00 
@12d4
00 00 00 00 
@12d8
01 00 00 00 
@12dc
01 00 00 00 
@12e0
01 00 00 00 
@12e4
00 00 00 00 
@12e8
00 00 00 00 
@12ec
01 00 00 00 
@12f0
00 00 00 00 
@12f4
01 00 00 00 
@12f8
00 00 00 00 
@12fc
01 00 00 00 
@1300
01 00 00 00 
@1304
01 00 00 00 
@1308
00 00 00 00 
@130c
01 00 00 00 
@1310
01 00 00 00 
@1314
01 00 00 00 
@1318
00 00 00 00 
@131c
01 00 00 00 
@1320
00 00 00 00 
@1324
01 00 00 00 
@1328
01 00 00 00 
@132c
00 00 00 00 
@1330
00 00 00 00 
@1334
01 00 00 00 
@1338
01 00 00 00 
@133c
01 00 00 00 
@1340
00 00 00 00 
@1344
00 00 00 00 
@1348
00 00 00 00 
@134c
01 00 00 00 
@1350
00 00 00 00 
@1354
00 00 00 00 
@1358
01 00 00 00 
@135c
01 00 00 00 
@1360
00 00 00 00 
@1364
01 00 00 00 
@1368
00 00 00 00 
@136c
01 00 00 00 
@1370
00 00 00 00 
@1374
00 00 00 00 
@1378
00 00 00 00 
@137c
00 00 00 00 
@1380
01 00 00 00 
@1384
01 00 00 00 
@1388
01 00 00 00 
@138c
01 00 00 00 
@1390
01 00 00 00 
@1394
00 00 00 00 
@1398
00 00 00 00 
@139c
01 00 00 00 
@13a0
00 00 00 00 
@13a4
01 00 00 00 
@13a8
01 00 00 00 
@13ac
01 00 00 00 
@13b0
00 00 00 00 
@13b4
01 00 00 00 
@13b8
01 00 00 00 
@13bc
01 00 00 00 
@13c0
01 00 00 00 
@13c4
01 00 00 00 
@13c8
01 00 00 00 
@13cc
00 00 00 00 
@13d0
01 00 00 00 
@13d4
01 00 00 00 
@13d8
00 00 00 00 
@13dc
01 00 00 00 
@13e0
01 00 00 00 
@13e4
00 00 00 00 
@13e8
01 00 00 00 
@13ec
01 00 00 00 
@13f0
01 00 00 00 
@13f4
01 00 00 00 
@13f8
01 00 00 00 
@13fc
00 00 00 00 
@1400
00 00 00 00 
@1404
00 00 00 00 
@1408
01 00 00 00 
@140c
01 00 00 00 
@1410
01 00 00 00 
@1414
00 00 00 00 
@1418
01 00 00 00 
@141c
00 00 00 00 
@1420
01 00 00 00 
@1424
01 00 00 00 
@1428
01 00 00 00 
@142c
01 00 00 00 
@1430
00 00 00 00 
@1434
01 00 00 00 
@1438
01 00 00 00 
@143c
01 00 00 00 
@1440
01 00 00 00 
@1444
01 00 00 00 
@1448
01 00 00 00 
@144c
01 00 00 00 
@1450
00 00 00 00 
@1454
00 00 00 00 
@1458
00 00 00 00 
@145c
00 00 00 00 
@1460
00 00 00 00 
@1464
01 00 00 00 
@1468
00 00 00 00 
@146c
01 00 00 00 
@1470
01 00 00 00 
@1474
00 00 00 00 
@1478
00 00 00 00 
@147c
00 00 00 00 
@1480
01 00 00 00 
@1484
01 00 00 00 
@1488
00 00 00 00 
@148c
01 00 00 00 
@1490
01 00 00 00 
@1494
01 00 00 00 
@1498
01 00 00 00 
@149c
00 00 00 00 
@14a0
00 00 00 00 
@14a4
00 00 00 00 
@14a8
01 00 00 00 
@14ac
01 00 00 00 
@14b0
01 00 00 00 
@14b4
01 00 00 00 
@14b8
01 00 00 00 
@14bc
00 00 00 00 
@14c0
00 00 00 00 
@14c4
00 00 00 00 
@14c8
01 00 00 00 
@14cc
01 00 00 00 
@14d0
00 00 00 00 
@14d4
01 00 00 00 
@14d8
01 00 00 00 
@14dc
01 00 00 00 
@14e0
01 00 00 00 
@14e4
01 00 00 00 
@14e8
01 00 00 00 
@14ec
00 00 00 00 
@14f0
00 00 00 00 
@14f4
01 00 00 00 
@14f8
00 00 00 00 
@14fc
01 00 00 00 
@1500
01 00 00 00 
@1504
01 00 00 00 
@1508
01 00 00 00 
@150c
01 00 00 00 
@1510
01 00 00 00 
@1514
01 00 00 00 
@1518
01 00 00 00 
@151c
00 00 00 00 
@1520
00 00 00 00 
@1524
00 00 00 00 
@1528
00 00 00 00 
@152c
01 00 00 00 
@1530
00 00 00 00 
@1534
00 00 00 00 
@1538
00 00 00 00 
@153c
00 00 00 00 
@1540
01 00 00 00 
@1544
01 00 00 00 
@1548
00 00 00 00 
@154c
01 00 00 00 
@1550
01 00 00 00 
@1554
00 00 00 00 
@1558
01 00 00 00 
@155c
00 00 00 00 
@1560
01 00 00 00 
@1564
00 00 00 00 
@1568
01 00 00 00 
@156c
00 00 00 00 
@1570
00 00 00 00 
@1574
00 00 00 00 
@1578
01 00 00 00 
@157c
00 00 00 00 
@1580
01 00 00 00 
@1584
01 00 00 00 
@1588
01 00 00 00 
@158c
01 00 00 00 
@1590
01 00 00 00 
@1594
01 00 00 00 
@1598
00 00 00 00 
@159c
00 00 00 00 
@15a0
00 00 00 00 
@15a4
01 00 00 00 
@15a8
01 00 00 00 
@15ac
01 00 00 00 
@15b0
00 00 00 00 
@15b4
01 00 00 00 
@15b8
01 00 00 00 
@15bc
00 00 00 00 
@15c0
01 00 00 00 
@15c4
01 00 00 00 
@15c8
00 00 00 00 
@15cc
01 00 00 00 
@15d0
00 00 00 00 
@15d4
01 00 00 00 
@15d8
01 00 00 00 
@15dc
00 00 00 00 
@15e0
01 00 00 00 
@15e4
00 00 00 00 
@15e8
01 00 00 00 
@15ec
01 00 00 00 
@15f0
00 00 00 00 
@15f4
01 00 00 00 
@15f8
01 00 00 00 
@15fc
00 00 00 00 
@1600
00 00 00 00 
@1604
01 00 00 00 
@1608
01 00 00 00 
@160c
01 00 00 00 
@1610
00 00 00 00 
@1614
01 00 00 00 
@1618
01 00 00 00 
@161c
00 00 00 00 
@1620
00 00 00 00 
@1624
00 00 00 00 
@1628
00 00 00 00 
@162c
00 00 00 00 
@1630
01 00 00 00 
@1634
01 00 00 00 
@1638
01 00 00 00 
@163c
00 00 00 00 
@1640
01 00 00 00 
@1644
00 00 00 00 
@1648
01 00 00 00 
@164c
01 00 00 00 
@1650
00 00 00 00 
@1654
01 00 00 00 
@1658
00 00 00 00 
@165c
00 00 00 00 
@1660
01 00 00 00 
@1664
00 00 00 00 
@1668
01 00 00 00 
@166c
01 00 00 00 
@1670
00 00 00 00 
@1674
01 00 00 00 
@1678
01 00 00 00 
@167c
00 00 00 00 
@1680
01 00 00 00 
@1684
01 00 00 00 
@1688
01 00 00 00 
@168c
00 00 00 00 
@1690
00 00 00 00 
@1694
01 00 00 00 
@1698
00 00 00 00 
@169c
01 00 00 00 
@16a0
00 00 00 00 
@16a4
00 00 00 00 
@16a8
01 00 00 00 
@16ac
01 00 00 00 
@16b0
01 00 00 00 
@16b4
00 00 00 00 
@16b8
00 00 00 00 
@16bc
01 00 00 00 
@16c0
00 00 00 00 
@16c4
00 00 00 00 
@16c8
01 00 00 00 
@16cc
00 00 00 00 
@16d0
00 00 00 00 
@16d4
00 00 00 00 
@16d8
00 00 00 00 
@16dc
00 00 00 00 
@16e0
00 00 00 00 
@16e4
01 00 00 00 
@16e8
01 00 00 00 
@16ec
00 00 00 00 
@16f0
00 00 00 00 
@16f4
01 00 00 00 
@16f8
01 00 00 00 
@16fc
00 00 00 00 
@1700
01 00 00 00 
@1704
01 00 00 00 
@1708
00 00 00 00 
@170c
01 00 00 00 
@1710
01 00 00 00 
@1714
00 00 00 00 
@1718
00 00 00 00 
@171c
00 00 00 00 
@1720
00 00 00 00 
@1724
00 00 00 00 
@1728
01 00 00 00 
@172c
00 00 00 00 
@1730
00 00 00 00 
@1734
01 00 00 00 
@1738
01 00 00 00 
@173c
00 00 00 00 
@1740
00 00 00 00 
@1744
00 00 00 00 
@1748
01 00 00 00 
@174c
00 00 00 00 
@1750
00 00 00 00 
@1754
00 00 00 00 
@1758
01 00 00 00 
@175c
00 00 00 00 
@1760
00 00 00 00 
@1764
00 00 00 00 
@1768
00 00 00 00 
@176c
01 00 00 00 
@1770
01 00 00 00 
@1774
01 00 00 00 
@1778
00 00 00 00 
@177c
01 00 00 00 
@1780
00 00 00 00 
@1784
00 00 00 00 
@1788
00 00 00 00 
@178c
00 00 00 00 
@1790
00 00 00 00 
@1794
00 00 00 00 
@1798
00 00 00 00 
@179c
00 00 00 00 
@17a0
00 00 00 00 
@17a4
01 00 00 00 
@17a8
00 00 00 00 
@17ac
01 00 00 00 
@17b0
01 00 00 00 
@17b4
00 00 00 00 
@17b8
01 00 00 00 
@17bc
01 00 00 00 
@17c0
01 00 00 00 
@17c4
01 00 00 00 
@17c8
00 00 00 00 
@17cc
00 00 00 00 
@17d0
00 00 00 00 
@17d4
00 00 00 00 
@17d8
00 00 00 00 
@17dc
00 00 00 00 
@17e0
01 00 00 00 
@17e4
00 00 00 00 
@17e8
00 00 00 00 
@17ec
01 00 00 00 
@17f0
00 00 00 00 
@17f4
01 00 00 00 
@17f8
01 00 00 00 
@17fc
01 00 00 00 
@1800
00 00 00 00 
@1804
00 00 00 00 
@1808
00 00 00 00 
@180c
00 00 00 00 
@1810
01 00 00 00 
@1814
00 00 00 00 
@1818
00 00 00 00 
@181c
00 00 00 00 
@1820
01 00 00 00 
@1824
01 00 00 00 
@1828
01 00 00 00 
@182c
00 00 00 00 
@1830
01 00 00 00 
@1834
01 00 00 00 
@1838
00 00 00 00 
@183c
01 00 00 00 
@1840
01 00 00 00 
@1844
01 00 00 00 
@1848
00 00 00 00 
@184c
00 00 00 00 
@1850
01 00 00 00 
@1854
00 00 00 00 
@1858
01 00 00 00 
@185c
01 00 00 00 
@1860
00 00 00 00 
@1864
00 00 00 00 
@1868
01 00 00 00 
@186c
00 00 00 00 
@1870
00 00 00 00 
@1874
01 00 00 00 
@1878
01 00 00 00 
@187c
00 00 00 00 
@1880
01 00 00 00 
@1884
01 00 00 00 
@1888
00 00 00 00 
@188c
01 00 00 00 
@1890
01 00 00 00 
@1894
00 00 00 00 
@1898
00 00 00 00 
@189c
01 00 00 00 
@18a0
00 00 00 00 
@18a4
00 00 00 00 
@18a8
00 00 00 00 
@18ac
00 00 00 00 
@18b0
00 00 00 00 
@18b4
00 00 00 00 
@18b8
01 00 00 00 
@18bc
01 00 00 00 
@18c0
00 00 00 00 
@18c4
00 00 00 00 
@18c8
01 00 00 00 
@18cc
00 00 00 00 
@18d0
01 00 00 00 
@18d4
00 00 00 00 
@18d8
01 00 00 00 
@18dc
00 00 00 00 
@18e0
00 00 00 00 
@18e4
00 00 00 00 
@18e8
01 00 00 00 
@18ec
00 00 00 00 
@18f0
01 00 00 00 
@18f4
00 00 00 00 
@18f8
00 00 00 00 
@18fc
00 00 00 00 
@1900
00 00 00 00 
@1904
01 00 00 00 
@1908
00 00 00 00 
@190c
00 00 00 00 
@1910
00 00 00 00 
@1914
01 00 00 00 
@1918
01 00 00 00 
@191c
00 00 00 00 
@1920
01 00 00 00 
@1924
00 00 00 00 
@1928
00 00 00 00 
@192c
00 00 00 00 
@1930
00 00 00 00 
@1934
01 00 00 00 
@1938
00 00 00 00 
@193c
01 00 00 00 
@1940
01 00 00 00 
@1944
01 00 00 00 
@1948
00 00 00 00 
@194c
01 00 00 00 
@1950
01 00 00 00 
@1954
00 00 00 00 
@1958
01 00 00 00 
@195c
00 00 00 00 
@1960
00 00 00 00 
@1964
01 00 00 00 
@1968
00 00 00 00 
@196c
01 00 00 00 
@1970
01 00 00 00 
@1974
01 00 00 00 
@1978
01 00 00 00 
@197c
01 00 00 00 
@1980
01 00 00 00 
@1984
00 00 00 00 
@1988
00 00 00 00 
@198c
00 00 00 00 
@1990
00 00 00 00 
@1994
01 00 00 00 
@1998
00 00 00 00 
@199c
01 00 00 00 
@19a0
01 00 00 00 
@19a4
01 00 00 00 
@19a8
00 00 00 00 
@19ac
01 00 00 00 
@19b0
01 00 00 00 
@19b4
00 00 00 00 
@19b8
00 00 00 00 
@19bc
00 00 00 00 
@19c0
00 00 00 00 
@19c4
01 00 00 00 
@19c8
01 00 00 00 
@19cc
00 00 00 00 
@19d0
00 00 00 00 
@19d4
01 00 00 00 
@19d8
00 00 00 00 
@19dc
00 00 00 00 
@19e0
01 00 00 00 
@19e4
01 00 00 00 
@19e8
00 00 00 00 
@19ec
00 00 00 00 
@19f0
01 00 00 00 
@19f4
00 00 00 00 
@19f8
01 00 00 00 
@19fc
01 00 00 00 
@1a00
00 00 00 00 
@1a04
01 00 00 00 
@1a08
01 00 00 00 
@1a0c
00 00 00 00 
@1a10
01 00 00 00 
@1a14
00 00 00 00 
@1a18
00 00 00 00 
@1a1c
01 00 00 00 
@1a20
00 00 00 00 
@1a24
01 00 00 00 
@1a28
00 00 00 00 
@1a2c
01 00 00 00 
@1a30
01 00 00 00 
@1a34
00 00 00 00 
@1a38
00 00 00 00 
@1a3c
00 00 00 00 
@1a40
00 00 00 00 
@1a44
01 00 00 00 
@1a48
01 00 00 00 
@1a4c
00 00 00 00 
@1a50
01 00 00 00 
@1a54
01 00 00 00 
@1a58
01 00 00 00 
@1a5c
00 00 00 00 
@1a60
01 00 00 00 
@1a64
01 00 00 00 
@1a68
01 00 00 00 
@1a6c
00 00 00 00 
@1a70
00 00 00 00 
@1a74
00 00 00 00 
@1a78
00 00 00 00 
@1a7c
01 00 00 00 
@1a80
00 00 00 00 
@1a84
01 00 00 00 
@1a88
01 00 00 00 
@1a8c
00 00 00 00 
@1a90
01 00 00 00 
@1a94
00 00 00 00 
@1a98
00 00 00 00 
@1a9c
00 00 00 00 
@1aa0
01 00 00 00 
@1aa4
01 00 00 00 
@1aa8
01 00 00 00 
@1aac
01 00 00 00 
@1ab0
00 00 00 00 
@1ab4
01 00 00 00 
@1ab8
01 00 00 00 
@1abc
00 00 00 00 
@1ac0
00 00 00 00 
@1ac4
01 00 00 00 
@1ac8
00 00 00 00 
@1acc
00 00 00 00 
@1ad0
01 00 00 00 
@1ad4
00 00 00 00 
@1ad8
00 00 00 00 
@1adc
01 00 00 00 
@1ae0
00 00 00 00 
@1ae4
01 00 00 00 
@1ae8
01 00 00 00 
@1aec
01 00 00 00 
@1af0
01 00 00 00 
@1af4
01 00 00 00 
@1af8
01 00 00 00 
@1afc
01 00 00 00 
@1b00
00 00 00 00 
@1b04
01 00 00 00 
@1b08
01 00 00 00 
@1b0c
00 00 00 00 
@1b10
00 00 00 00 
@1b14
01 00 00 00 
@1b18
01 00 00 00 
@1b1c
00 00 00 00 
@1b20
01 00 00 00 
@1b24
01 00 00 00 
@1b28
01 00 00 00 
@1b2c
01 00 00 00 
@1b30
00 00 00 00 
@1b34
01 00 00 00 
@1b38
01 00 00 00 
@1b3c
00 00 00 00 
@1b40
00 00 00 00 
@1b44
00 00 00 00 
@1b48
00 00 00 00 
@1b4c
00 00 00 00 
@1b50
00 00 00 00 
@1b54
00 00 00 00 
@1b58
01 00 00 00 
@1b5c
00 00 00 00 
@1b60
00 00 00 00 
@1b64
00 00 00 00 
@1b68
01 00 00 00 
@1b6c
00 00 00 00 
@1b70
01 00 00 00 
@1b74
00 00 00 00 
@1b78
00 00 00 00 
@1b7c
01 00 00 00 
@1b80
01 00 00 00 
@1b84
00 00 00 00 
@1b88
00 00 00 00 
@1b8c
00 00 00 00 
@1b90
00 00 00 00 
@1b94
01 00 00 00 
@1b98
01 00 00 00 
@1b9c
00 00 00 00 
@1ba0
00 00 00 00 
@1ba4
00 00 00 00 
@1ba8
00 00 00 00 
@1bac
01 00 00 00 
@1bb0
01 00 00 00 
@1bb4
00 00 00 00 
@1bb8
00 00 00 00 
@1bbc
00 00 00 00 
@1bc0
00 00 00 00 
@1bc4
01 00 00 00 
@1bc8
01 00 00 00 
@1bcc
00 00 00 00 
@1bd0
00 00 00 00 
@1bd4
01 00 00 00 
@1bd8
00 00 00 00 
@1bdc
00 00 00 00 
@1be0
01 00 00 00 
@1be4
00 00 00 00 
@1be8
00 00 00 00 
@1bec
01 00 00 00 
@1bf0
01 00 00 00 
@1bf4
00 00 00 00 
@1bf8
00 00 00 00 
@1bfc
00 00 00 00 
@1c00
00 00 00 00 
@1c04
00 00 00 00 
@1c08
00 00 00 00 
@1c0c
01 00 00 00 
@1c10
00 00 00 00 
@1c14
00 00 00 00 
@1c18
01 00 00 00 
@1c1c
00 00 00 00 
@1c20
00 00 00 00 
@1c24
01 00 00 00 
@1c28
00 00 00 00 
@1c2c
00 00 00 00 
@1c30
00 00 00 00 
@1c34
01 00 00 00 
@1c38
01 00 00 00 
@1c3c
00 00 00 00 
@1c40
01 00 00 00 
@1c44
00 00 00 00 
@1c48
01 00 00 00 
@1c4c
00 00 00 00 
@1c50
00 00 00 00 
@1c54
01 00 00 00 
@1c58
01 00 00 00 
@1c5c
01 00 00 00 
@1c60
01 00 00 00 
@1c64
01 00 00 00 
@1c68
00 00 00 00 
@1c6c
01 00 00 00 
@1c70
01 00 00 00 
@1c74
01 00 00 00 
@1c78
01 00 00 00 
@1c7c
00 00 00 00 
@1c80
00 00 00 00 
@1c84
01 00 00 00 
@1c88
01 00 00 00 
@1c8c
00 00 00 00 
@1c90
00 00 00 00 
@1c94
00 00 00 00 
@1c98
00 00 00 00 
@1c9c
00 00 00 00 
@1ca0
00 00 00 00 
@1ca4
01 00 00 00 
@1ca8
01 00 00 00 
@1cac
01 00 00 00 
@1cb0
00 00 00 00 
@1cb4
01 00 00 00 
@1cb8
01 00 00 00 
@1cbc
01 00 00 00 
@1cc0
00 00 00 00 
@1cc4
00 00 00 00 
@1cc8
00 00 00 00 
@1ccc
01 00 00 00 
@1cd0
00 00 00 00 
@1cd4
01 00 00 00 
@1cd8
01 00 00 00 
@1cdc
01 00 00 00 
@1ce0
00 00 00 00 
@1ce4
00 00 00 00 
@1ce8
01 00 00 00 
@1cec
01 00 00 00 
@1cf0
01 00 00 00 
@1cf4
01 00 00 00 
@1cf8
00 00 00 00 
@1cfc
00 00 00 00 
@1d00
01 00 00 00 
@1d04
00 00 00 00 
@1d08
01 00 00 00 
@1d0c
00 00 00 00 
@1d10
01 00 00 00 
@1d14
01 00 00 00 
@1d18
01 00 00 00 
@1d1c
01 00 00 00 
@1d20
00 00 00 00 
@1d24
00 00 00 00 
@1d28
01 00 00 00 
@1d2c
00 00 00 00 
@1d30
01 00 00 00 
@1d34
00 00 00 00 
@1d38
01 00 00 00 
@1d3c
00 00 00 00 
@1d40
01 00 00 00 
@1d44
01 00 00 00 
@1d48
01 00 00 00 
@1d4c
01 00 00 00 
@1d50
01 00 00 00 
@1d54
00 00 00 00 
@1d58
00 00 00 00 
@1d5c
01 00 00 00 
@1d60
01 00 00 00 
@1d64
00 00 00 00 
@1d68
01 00 00 00 
@1d6c
01 00 00 00 
@1d70
01 00 00 00 
@1d74
01 00 00 00 
@1d78
01 00 00 00 
@1d7c
00 00 00 00 
@1d80
01 00 00 00 
@1d84
00 00 00 00 
@1d88
01 00 00 00 
@1d8c
00 00 00 00 
@1d90
01 00 00 00 
@1d94
00 00 00 00 
@1d98
00 00 00 00 
@1d9c
00 00 00 00 
@1da0
01 00 00 00 
@1da4
00 00 00 00 
@1da8
00 00 00 00 
@1dac
00 00 00 00 
@1db0
00 00 00 00 
@1db4
00 00 00 00 
@1db8
00 00 00 00 
@1dbc
01 00 00 00 
@1dc0
00 00 00 00 
@1dc4
00 00 00 00 
@1dc8
01 00 00 00 
@1dcc
00 00 00 00 
@1dd0
01 00 00 00 
@1dd4
00 00 00 00 
@1dd8
01 00 00 00 
@1ddc
00 00 00 00 
@1de0
00 00 00 00 
@1de4
01 00 00 00 
@1de8
00 00 00 00 
@1dec
00 00 00 00 
@1df0
01 00 00 00 
@1df4
00 00 00 00 
@1df8
00 00 00 00 
@1dfc
00 00 00 00 
@1e00
00 00 00 00 
@1e04
00 00 00 00 
@1e08
01 00 00 00 
@1e0c
01 00 00 00 
@1e10
01 00 00 00 
@1e14
01 00 00 00 
@1e18
01 00 00 00 
@1e1c
01 00 00 00 
@1e20
01 00 00 00 
@1e24
00 00 00 00 
@1e28
01 00 00 00 
@1e2c
01 00 00 00 
@1e30
00 00 00 00 
@1e34
01 00 00 00 
@1e38
01 00 00 00 
@1e3c
00 00 00 00 
@1e40
00 00 00 00 
@1e44
01 00 00 00 
@1e48
01 00 00 00 
@1e4c
00 00 00 00 
@1e50
00 00 00 00 
@1e54
00 00 00 00 
@1e58
00 00 00 00 
@1e5c
00 00 00 00 
@1e60
00 00 00 00 
@1e64
00 00 00 00 
@1e68
00 00 00 00 
@1e6c
00 00 00 00 
@1e70
01 00 00 00 
@1e74
01 00 00 00 
@1e78
00 00 00 00 
@1e7c
01 00 00 00 
@1e80
00 00 00 00 
@1e84
00 00 00 00 
@1e88
00 00 00 00 
@1e8c
01 00 00 00 
@1e90
00 00 00 00 
@1e94
00 00 00 00 
@1e98
01 00 00 00 
@1e9c
01 00 00 00 
@1ea0
01 00 00 00 
@1ea4
01 00 00 00 
@1ea8
00 00 00 00 
@1eac
01 00 00 00 
@1eb0
00 00 00 00 
@1eb4
00 00 00 00 
@1eb8
01 00 00 00 
@1ebc
01 00 00 00 
@1ec0
00 00 00 00 
@1ec4
01 00 00 00 
@1ec8
01 00 00 00 
@1ecc
00 00 00 00 
@1ed0
01 00 00 00 
@1ed4
01 00 00 00 
@1ed8
00 00 00 00 
@1edc
00 00 00 00 
@1ee0
01 00 00 00 
@1ee4
01 00 00 00 
@1ee8
00 00 00 00 
@1eec
01 00 00 00 
@1ef0
00 00 00 00 
@1ef4
01 00 00 00 
@1ef8
01 00 00 00 
@1efc
00 00 00 00 
@1f00
00 00 00 00 
@1f04
01 00 00 00 
@1f08
01 00 00 00 
@1f0c
01 00 00 00 
@1f10
01 00 00 00 
@1f14
00 00 00 00 
@1f18
00 00 00 00 
@1f1c
01 00 00 00 
@1f20
01 00 00 00 
@1f24
00 00 00 00 
@1f28
00 00 00 00 
@1f2c
01 00 00 00 
@1f30
01 00 00 00 
@1f34
00 00 00 00 
@1f38
00 00 00 00 
@1f3c
00 00 00 00 
@1f40
00 00 00 00 
@1f44
00 00 00 00 
@1f48
01 00 00 00 
@1f4c
01 00 00 00 
@1f50
01 00 00 00 
@1f54
01 00 00 00 
@1f58
01 00 00 00 
@1f5c
00 00 00 00 
@1f60
00 00 00 00 
@1f64
00 00 00 00 
@1f68
00 00 00 00 
@1f6c
01 00 00 00 
@1f70
01 00 00 00 
@1f74
00 00 00 00 
@1f78
00 00 00 00 
@1f7c
01 00 00 00 
@1f80
01 00 00 00 
@1f84
00 00 00 00 
@1f88
01 00 00 00 
@1f8c
01 00 00 00 
@1f90
01 00 00 00 
@1f94
01 00 00 00 
@1f98
01 00 00 00 
@1f9c
00 00 00 00 
@1fa0
00 00 00 00 
@1fa4
01 00 00 00 
@1fa8
01 00 00 00 
@1fac
00 00 00 00 
@1fb0
01 00 00 00 
@1fb4
00 00 00 00 
@1fb8
00 00 00 00 
@1fbc
00 00 00 00 
@1fc0
00 00 00 00 
@1fc4
01 00 00 00 
@1fc8
00 00 00 00 
@1fcc
00 00 00 00 
@1fd0
01 00 00 00 
@1fd4
00 00 00 00 
@1fd8
00 00 00 00 
@1fdc
01 00 00 00 
@1fe0
00 00 00 00 
@1fe4
01 00 00 00 
@1fe8
01 00 00 00 
@1fec
01 00 00 00 
@1ff0
01 00 00 00 
@1ff4
00 00 00 00 
@1ff8
00 00 00 00 
@1ffc
00 00 00 00 