100
 
1110010000111100001000000110100001100101100110001011110100011110
1101001000001100001000110101110010010000001110011010111000100011
0001001100110000110001001101000110111001111010010111001010110101
1101000111111011100000001101110101101000010100001010111101001010
1001100011010111010110111011101111000101101100001000111000101010
0111111000011100100001101110001010111111111101100100001101111111
1111010111011011000101001001000000111001000000100100000000010101
0100100011000110100011110010001100001111100001100111011000000011
1111101100001000000011111111101000011101010001011111011011100001
0111010100011000110100111101110010111000111000001000101011011110
1000011101010000011011101001001111000001001000110111010110001011
0100010111000010001010110001110100010000101110111011101000110110
0000111110100011110001011111101111100100011011101101010101000011
1110100000100000011111010010000001011111001101000101110010000010
1111001010111111101010000101001001011001111110010001011100101000
1101111111010010100011101010000101110111011011010011111111101000
0110110101000000111101111011100011110100111001101110001111011100
0110001001110101011111001001111001110000010010111101000111100011
0001100001001101100100100001101100101011010100000010010001110110
0111001011000110110001010101111101110000011111011110001010001001
0001100010101110001011110111100100101100100011011001000111111110
0111111101100001110100010010000000110010110010110001100110111111
0110110010100110110010100001110010110011001101011000001011010101
0111100111111010011100001110000100011010000100100000100011010101
1110101001110101010110010111100110010100001111001011001001000001
1111110001100001011101101101100000010101100111011100010001011000
0001111101101001000110000101110001101010100111101101000101001101
1010110111111011010111011101100110111101110001001100010110010100
1000010010011110000000110011101001000100010101101010001011001001
0111000001110101001100111110011001001010000010000100100000000000
1111101110010010011000111001110110011010100101101110100111101010
0010011001101111110110100010011110111010110100000101100101100000
1101010101110001110110110111101111011100110111111001010110111011
0110100101001011100111100101100001101101011101101000011100100101
1010100101110101101101111001111000000010011011011100101111110000
0010101101111011011100111001100011010101000001101001000001101111
0010001110010010111010010111101000100101101110101111011100110100
1100011001011010101111011010011000001010111100001101111011111100
1000110010011111101011011101111111011010010011001111110001010111
1011000101001011001101100010010011110010001010111101110000011111
0000001101001100001101111011110110100101000000011100010010000110
0101111001011110001000000001101010000101101001000011001010011000
0111011001010100110001111001111011111010101001101000111010001101
0011110000000111100100111101101010110100111111010100001101010010
0111010010100111011101011111110011011101001010010110011000001001
0101000101001010100001010010010011100011011110111011111111000111
0000010010101011000101111001110100100011101011111010110110101110
0010000100010110101111001110010010001011111011011000111010100010
1001010001001100000011011111110101000101111000100001000000111001
1101100001111010110000001101101011000100010010110110001110100111
0110000111000000011010010101110010011111000110101001110100110010
1000001100000010001111010101100001001100001100100101011011101111
1110001000101001110101111011111010010111110000110010100110110010
0100111001100110011010110110011011001011000111011010100001110010
1001001100100001111110110001110101001111011100001110101010011000
0000111000100110000000001010011001101011010101001011101110011000
1001101111110010111001010111111101101111001110010000101101000100
0100011101100011010011101101000010101100100110000011110001011010
1111011110101111101000110001101011010111110110011100100000001011
0001010100111110110001110001000000000110110000000011111100010000
0111110101011000001110000111111011110110100100000001110001001111
1100101001110011110000110010111010001001110001101111000100001111
1010010001010100110110010101101100101111100100100101101000100101
1001100000101000011000100010100000000001100101111110000001100101
0010111110110111011010100011111100100110100101110110111011111001
0101000000000111111001010001011001010110001100000011100011100011
0101100010111111000011111001101010111111001000110111100111110110
1000001000111101010011101101011001100111000010110010100000101001
1100101001011100000100000111110000011110011111110100110101110010
0111110100011011000111001010100001110000001001011010010010110000
0011101001010000010101011001101111100110010010010000110101011010
0000111100011101110011010110100001001000011011011010010101011000
1011100010001111110110000111010111000110010101100111110111000010
1010011000011011100110010101011100111111111011110100101111011101
1100111110010011111101011101100001011110111000000011011001001001
1000110000001001111000001101011001001111101111010111100010010100
1100110001100000111011101011000001000110101011010000101111001100
0010001000001110101111101110101100011000111110110000011110001001
1010110101101001101011111001100110011110111001110001010011100011
1001000000010101000001010010101010110000101000100011010011100111
0010011010001010001101001111001110111111101011000010100000111111
0010100100111110001100111101010101111111000011011101111000100000
1101101110000110110101011001100001100110000111110110001101110100
0011100100000101100100100001010010110111011101001011111111100011
0101001101110001011001001111001000100111010001101001101010110001
1011010000101010000101100010101101110000000110000101001101110100
0010101101101101000000000101101111111100001101100101000111011110
1011011000100000101110111010101011010000010100000110001100011110
0010000110011110000111101011001111010111011011111111100100001010
0011111000100110111111011001011100010110110101101001111100011111
0100010010101110010110100001101000101100110111010111000110001000
1010111001110100001111100101011011111110000001111000111001011111
1100000101011101110010000111000001001111111110001110110100001010
0010001100110100011110000010100110110001100000100100000001001011
0001010001010001111010000001101100010101010111010110001000100001
0010000101100100010100011110100010111001100110110101011000100011
1001011010110010110100100111000100010111100100001101011010110101
1000111000000001010011011101011111101110001101011100100010110110
1110001010111011101100000101110011000101001001100001010010100011
1011100001111000111101001101011010011110110011011101101101100000
