@1000 
00 00 00 00 // 0 
@1004 
01 00 00 00 // 1 
@1008 
00 00 00 00 // 0 
@100c 
00 00 00 00 // 0 
@1010 
00 00 00 00 // 0 
@1014 
01 00 00 00 // 1 
@1018 
00 00 00 00 // 0 
@101c 
01 00 00 00 // 1 
@1020 
01 00 00 00 // 1 
@1024 
01 00 00 00 // 1 
@1028 
00 00 00 00 // 0 
@102c 
01 00 00 00 // 1 
@1030 
00 00 00 00 // 0 
@1034 
01 00 00 00 // 1 
@1038 
00 00 00 00 // 0 
@103c 
01 00 00 00 // 1 
@1040 
01 00 00 00 // 1 
@1044 
01 00 00 00 // 1 
@1048 
00 00 00 00 // 0 
@104c 
00 00 00 00 // 0 
@1050 
01 00 00 00 // 1 
@1054 
01 00 00 00 // 1 
@1058 
01 00 00 00 // 1 
@105c 
00 00 00 00 // 0 
@1060 
00 00 00 00 // 0 
@1064 
01 00 00 00 // 1 
@1068 
01 00 00 00 // 1 
@106c 
01 00 00 00 // 1 
@1070 
00 00 00 00 // 0 
@1074 
00 00 00 00 // 0 
@1078 
01 00 00 00 // 1 
@107c 
00 00 00 00 // 0 
@1080 
00 00 00 00 // 0 
@1084 
00 00 00 00 // 0 
@1088 
00 00 00 00 // 0 
@108c 
01 00 00 00 // 1 
@1090 
00 00 00 00 // 0 
@1094 
00 00 00 00 // 0 
@1098 
01 00 00 00 // 1 
@109c 
00 00 00 00 // 0 
@10a0 
01 00 00 00 // 1 
@10a4 
00 00 00 00 // 0 
@10a8 
01 00 00 00 // 1 
@10ac 
00 00 00 00 // 0 
@10b0 
01 00 00 00 // 1 
@10b4 
00 00 00 00 // 0 
@10b8 
00 00 00 00 // 0 
@10bc 
00 00 00 00 // 0 
@10c0 
00 00 00 00 // 0 
@10c4 
00 00 00 00 // 0 
@10c8 
01 00 00 00 // 1 
@10cc 
01 00 00 00 // 1 
@10d0 
00 00 00 00 // 0 
@10d4 
00 00 00 00 // 0 
@10d8 
01 00 00 00 // 1 
@10dc 
01 00 00 00 // 1 
@10e0 
01 00 00 00 // 1 
@10e4 
01 00 00 00 // 1 
@10e8 
01 00 00 00 // 1 
@10ec 
01 00 00 00 // 1 
@10f0 
01 00 00 00 // 1 
@10f4 
00 00 00 00 // 0 
@10f8 
00 00 00 00 // 0 
@10fc 
00 00 00 00 // 0 
@1100 
00 00 00 00 // 0 
@1104 
01 00 00 00 // 1 
@1108 
01 00 00 00 // 1 
@110c 
01 00 00 00 // 1 
@1110 
01 00 00 00 // 1 
@1114 
00 00 00 00 // 0 
@1118 
00 00 00 00 // 0 
@111c 
00 00 00 00 // 0 
@1120 
00 00 00 00 // 0 
@1124 
01 00 00 00 // 1 
@1128 
00 00 00 00 // 0 
@112c 
00 00 00 00 // 0 
@1130 
01 00 00 00 // 1 
@1134 
00 00 00 00 // 0 
@1138 
00 00 00 00 // 0 
@113c 
00 00 00 00 // 0 
@1140 
01 00 00 00 // 1 
@1144 
01 00 00 00 // 1 
@1148 
01 00 00 00 // 1 
@114c 
01 00 00 00 // 1 
@1150 
01 00 00 00 // 1 
@1154 
00 00 00 00 // 0 
@1158 
00 00 00 00 // 0 
@115c 
01 00 00 00 // 1 
@1160 
01 00 00 00 // 1 
@1164 
01 00 00 00 // 1 
@1168 
00 00 00 00 // 0 
@116c 
00 00 00 00 // 0 
@1170 
00 00 00 00 // 0 
@1174 
01 00 00 00 // 1 
@1178 
01 00 00 00 // 1 
@117c 
01 00 00 00 // 1 
@1180 
01 00 00 00 // 1 
@1184 
00 00 00 00 // 0 
@1188 
00 00 00 00 // 0 
@118c 
01 00 00 00 // 1 
@1190 
01 00 00 00 // 1 
@1194 
00 00 00 00 // 0 
@1198 
00 00 00 00 // 0 
@119c 
01 00 00 00 // 1 
@11a0 
00 00 00 00 // 0 
@11a4 
00 00 00 00 // 0 
@11a8 
00 00 00 00 // 0 
@11ac 
01 00 00 00 // 1 
@11b0 
00 00 00 00 // 0 
@11b4 
01 00 00 00 // 1 
@11b8 
00 00 00 00 // 0 
@11bc 
00 00 00 00 // 0 
@11c0 
00 00 00 00 // 0 
@11c4 
01 00 00 00 // 1 
@11c8 
01 00 00 00 // 1 
@11cc 
01 00 00 00 // 1 
@11d0 
01 00 00 00 // 1 
@11d4 
00 00 00 00 // 0 
@11d8 
00 00 00 00 // 0 
@11dc 
00 00 00 00 // 0 
@11e0 
00 00 00 00 // 0 
@11e4 
00 00 00 00 // 0 
@11e8 
00 00 00 00 // 0 
@11ec 
01 00 00 00 // 1 
@11f0 
01 00 00 00 // 1 
@11f4 
01 00 00 00 // 1 
@11f8 
01 00 00 00 // 1 
@11fc 
00 00 00 00 // 0 
@1200 
01 00 00 00 // 1 
@1204 
01 00 00 00 // 1 
@1208 
01 00 00 00 // 1 
@120c 
01 00 00 00 // 1 
@1210 
00 00 00 00 // 0 
@1214 
00 00 00 00 // 0 
@1218 
00 00 00 00 // 0 
@121c 
00 00 00 00 // 0 
@1220 
00 00 00 00 // 0 
@1224 
00 00 00 00 // 0 
@1228 
01 00 00 00 // 1 
@122c 
00 00 00 00 // 0 
@1230 
00 00 00 00 // 0 
@1234 
01 00 00 00 // 1 
@1238 
00 00 00 00 // 0 
@123c 
00 00 00 00 // 0 
@1240 
00 00 00 00 // 0 
@1244 
00 00 00 00 // 0 
@1248 
01 00 00 00 // 1 
@124c 
01 00 00 00 // 1 
@1250 
01 00 00 00 // 1 
@1254 
00 00 00 00 // 0 
@1258 
01 00 00 00 // 1 
@125c 
00 00 00 00 // 0 
@1260 
00 00 00 00 // 0 
@1264 
00 00 00 00 // 0 
@1268 
01 00 00 00 // 1 
@126c 
01 00 00 00 // 1 
@1270 
01 00 00 00 // 1 
@1274 
00 00 00 00 // 0 
@1278 
00 00 00 00 // 0 
@127c 
00 00 00 00 // 0 
@1280 
00 00 00 00 // 0 
@1284 
01 00 00 00 // 1 
@1288 
00 00 00 00 // 0 
@128c 
01 00 00 00 // 1 
@1290 
01 00 00 00 // 1 
@1294 
00 00 00 00 // 0 
@1298 
00 00 00 00 // 0 
@129c 
00 00 00 00 // 0 
@12a0 
01 00 00 00 // 1 
@12a4 
00 00 00 00 // 0 
@12a8 
01 00 00 00 // 1 
@12ac 
00 00 00 00 // 0 
@12b0 
01 00 00 00 // 1 
@12b4 
00 00 00 00 // 0 
@12b8 
01 00 00 00 // 1 
@12bc 
01 00 00 00 // 1 
@12c0 
00 00 00 00 // 0 
@12c4 
00 00 00 00 // 0 
@12c8 
00 00 00 00 // 0 
@12cc 
00 00 00 00 // 0 
@12d0 
01 00 00 00 // 1 
@12d4 
00 00 00 00 // 0 
@12d8 
01 00 00 00 // 1 
@12dc 
01 00 00 00 // 1 
@12e0 
01 00 00 00 // 1 
@12e4 
00 00 00 00 // 0 
@12e8 
00 00 00 00 // 0 
@12ec 
00 00 00 00 // 0 
@12f0 
00 00 00 00 // 0 
@12f4 
00 00 00 00 // 0 
@12f8 
00 00 00 00 // 0 
@12fc 
00 00 00 00 // 0 
@1300 
01 00 00 00 // 1 
@1304 
01 00 00 00 // 1 
@1308 
00 00 00 00 // 0 
@130c 
00 00 00 00 // 0 
@1310 
01 00 00 00 // 1 
@1314 
00 00 00 00 // 0 
@1318 
00 00 00 00 // 0 
@131c 
01 00 00 00 // 1 
@1320 
01 00 00 00 // 1 
@1324 
00 00 00 00 // 0 
@1328 
01 00 00 00 // 1 
@132c 
01 00 00 00 // 1 
@1330 
00 00 00 00 // 0 
@1334 
00 00 00 00 // 0 
@1338 
00 00 00 00 // 0 
@133c 
01 00 00 00 // 1 
@1340 
00 00 00 00 // 0 
@1344 
00 00 00 00 // 0 
@1348 
01 00 00 00 // 1 
@134c 
01 00 00 00 // 1 
@1350 
00 00 00 00 // 0 
@1354 
01 00 00 00 // 1 
@1358 
00 00 00 00 // 0 
@135c 
01 00 00 00 // 1 
@1360 
01 00 00 00 // 1 
@1364 
00 00 00 00 // 0 
@1368 
01 00 00 00 // 1 
@136c 
00 00 00 00 // 0 
@1370 
00 00 00 00 // 0 
@1374 
01 00 00 00 // 1 
@1378 
00 00 00 00 // 0 
@137c 
01 00 00 00 // 1 
@1380 
01 00 00 00 // 1 
@1384 
01 00 00 00 // 1 
@1388 
00 00 00 00 // 0 
@138c 
01 00 00 00 // 1 
@1390 
00 00 00 00 // 0 
@1394 
01 00 00 00 // 1 
@1398 
01 00 00 00 // 1 
@139c 
01 00 00 00 // 1 
@13a0 
00 00 00 00 // 0 
@13a4 
00 00 00 00 // 0 
@13a8 
00 00 00 00 // 0 
@13ac 
01 00 00 00 // 1 
@13b0 
01 00 00 00 // 1 
@13b4 
01 00 00 00 // 1 
@13b8 
01 00 00 00 // 1 
@13bc 
00 00 00 00 // 0 
@13c0 
01 00 00 00 // 1 
@13c4 
00 00 00 00 // 0 
@13c8 
00 00 00 00 // 0 
@13cc 
00 00 00 00 // 0 
@13d0 
01 00 00 00 // 1 
@13d4 
00 00 00 00 // 0 
@13d8 
00 00 00 00 // 0 
@13dc 
01 00 00 00 // 1 
@13e0 
01 00 00 00 // 1 
@13e4 
00 00 00 00 // 0 
@13e8 
01 00 00 00 // 1 
@13ec 
00 00 00 00 // 0 
@13f0 
01 00 00 00 // 1 
@13f4 
00 00 00 00 // 0 
@13f8 
01 00 00 00 // 1 
@13fc 
00 00 00 00 // 0 
@1400 
00 00 00 00 // 0 
@1404 
00 00 00 00 // 0 
@1408 
00 00 00 00 // 0 
@140c 
00 00 00 00 // 0 
@1410 
00 00 00 00 // 0 
@1414 
00 00 00 00 // 0 
@1418 
00 00 00 00 // 0 
@141c 
01 00 00 00 // 1 
@1420 
01 00 00 00 // 1 
@1424 
00 00 00 00 // 0 
@1428 
00 00 00 00 // 0 
@142c 
00 00 00 00 // 0 
@1430 
00 00 00 00 // 0 
@1434 
00 00 00 00 // 0 
@1438 
01 00 00 00 // 1 
@143c 
01 00 00 00 // 1 
@1440 
01 00 00 00 // 1 
@1444 
01 00 00 00 // 1 
@1448 
01 00 00 00 // 1 
@144c 
01 00 00 00 // 1 
@1450 
00 00 00 00 // 0 
@1454 
01 00 00 00 // 1 
@1458 
00 00 00 00 // 0 
@145c 
01 00 00 00 // 1 
@1460 
01 00 00 00 // 1 
@1464 
01 00 00 00 // 1 
@1468 
01 00 00 00 // 1 
@146c 
00 00 00 00 // 0 
@1470 
01 00 00 00 // 1 
@1474 
01 00 00 00 // 1 
@1478 
01 00 00 00 // 1 
@147c 
00 00 00 00 // 0 
@1480 
00 00 00 00 // 0 
@1484 
00 00 00 00 // 0 
@1488 
00 00 00 00 // 0 
@148c 
01 00 00 00 // 1 
@1490 
00 00 00 00 // 0 
@1494 
01 00 00 00 // 1 
@1498 
01 00 00 00 // 1 
@149c 
00 00 00 00 // 0 
@14a0 
01 00 00 00 // 1 
@14a4 
01 00 00 00 // 1 
@14a8 
01 00 00 00 // 1 
@14ac 
00 00 00 00 // 0 
@14b0 
00 00 00 00 // 0 
@14b4 
01 00 00 00 // 1 
@14b8 
00 00 00 00 // 0 
@14bc 
01 00 00 00 // 1 
@14c0 
00 00 00 00 // 0 
@14c4 
00 00 00 00 // 0 
@14c8 
00 00 00 00 // 0 
@14cc 
00 00 00 00 // 0 
@14d0 
01 00 00 00 // 1 
@14d4 
00 00 00 00 // 0 
@14d8 
00 00 00 00 // 0 
@14dc 
00 00 00 00 // 0 
@14e0 
00 00 00 00 // 0 
@14e4 
00 00 00 00 // 0 
@14e8 
01 00 00 00 // 1 
@14ec 
01 00 00 00 // 1 
@14f0 
00 00 00 00 // 0 
@14f4 
00 00 00 00 // 0 
@14f8 
00 00 00 00 // 0 
@14fc 
01 00 00 00 // 1 
@1500 
00 00 00 00 // 0 
@1504 
01 00 00 00 // 1 
@1508 
01 00 00 00 // 1 
@150c 
01 00 00 00 // 1 
@1510 
01 00 00 00 // 1 
@1514 
01 00 00 00 // 1 
@1518 
00 00 00 00 // 0 
@151c 
01 00 00 00 // 1 
@1520 
01 00 00 00 // 1 
@1524 
00 00 00 00 // 0 
@1528 
01 00 00 00 // 1 
@152c 
01 00 00 00 // 1 
@1530 
00 00 00 00 // 0 
@1534 
01 00 00 00 // 1 
@1538 
00 00 00 00 // 0 
@153c 
01 00 00 00 // 1 
@1540 
00 00 00 00 // 0 
@1544 
01 00 00 00 // 1 
@1548 
00 00 00 00 // 0 
@154c 
00 00 00 00 // 0 
@1550 
00 00 00 00 // 0 
@1554 
00 00 00 00 // 0 
@1558 
01 00 00 00 // 1 
@155c 
00 00 00 00 // 0 
@1560 
01 00 00 00 // 1 
@1564 
01 00 00 00 // 1 
@1568 
01 00 00 00 // 1 
@156c 
00 00 00 00 // 0 
@1570 
01 00 00 00 // 1 
@1574 
00 00 00 00 // 0 
@1578 
01 00 00 00 // 1 
@157c 
01 00 00 00 // 1 
@1580 
01 00 00 00 // 1 
@1584 
01 00 00 00 // 1 
@1588 
00 00 00 00 // 0 
@158c 
00 00 00 00 // 0 
@1590 
01 00 00 00 // 1 
@1594 
01 00 00 00 // 1 
@1598 
00 00 00 00 // 0 
@159c 
01 00 00 00 // 1 
@15a0 
00 00 00 00 // 0 
@15a4 
01 00 00 00 // 1 
@15a8 
00 00 00 00 // 0 
@15ac 
00 00 00 00 // 0 
@15b0 
00 00 00 00 // 0 
@15b4 
01 00 00 00 // 1 
@15b8 
01 00 00 00 // 1 
@15bc 
01 00 00 00 // 1 
@15c0 
01 00 00 00 // 1 
@15c4 
00 00 00 00 // 0 
@15c8 
00 00 00 00 // 0 
@15cc 
00 00 00 00 // 0 
@15d0 
00 00 00 00 // 0 
@15d4 
00 00 00 00 // 0 
@15d8 
00 00 00 00 // 0 
@15dc 
01 00 00 00 // 1 
@15e0 
00 00 00 00 // 0 
@15e4 
00 00 00 00 // 0 
@15e8 
00 00 00 00 // 0 
@15ec 
01 00 00 00 // 1 
@15f0 
01 00 00 00 // 1 
@15f4 
00 00 00 00 // 0 
@15f8 
00 00 00 00 // 0 
@15fc 
01 00 00 00 // 1 
@1600 
01 00 00 00 // 1 
@1604 
00 00 00 00 // 0 
@1608 
01 00 00 00 // 1 
@160c 
01 00 00 00 // 1 
@1610 
00 00 00 00 // 0 
@1614 
01 00 00 00 // 1 
@1618 
00 00 00 00 // 0 
@161c 
01 00 00 00 // 1 
@1620 
01 00 00 00 // 1 
@1624 
01 00 00 00 // 1 
@1628 
00 00 00 00 // 0 
@162c 
01 00 00 00 // 1 
@1630 
01 00 00 00 // 1 
@1634 
01 00 00 00 // 1 
@1638 
01 00 00 00 // 1 
@163c 
01 00 00 00 // 1 
@1640 
01 00 00 00 // 1 
@1644 
00 00 00 00 // 0 
@1648 
00 00 00 00 // 0 
@164c 
00 00 00 00 // 0 
@1650 
00 00 00 00 // 0 
@1654 
00 00 00 00 // 0 
@1658 
01 00 00 00 // 1 
@165c 
01 00 00 00 // 1 
@1660 
01 00 00 00 // 1 
@1664 
00 00 00 00 // 0 
@1668 
00 00 00 00 // 0 
@166c 
00 00 00 00 // 0 
@1670 
00 00 00 00 // 0 
@1674 
00 00 00 00 // 0 
@1678 
00 00 00 00 // 0 
@167c 
01 00 00 00 // 1 
@1680 
00 00 00 00 // 0 
@1684 
00 00 00 00 // 0 
@1688 
00 00 00 00 // 0 
@168c 
01 00 00 00 // 1 
@1690 
00 00 00 00 // 0 
@1694 
01 00 00 00 // 1 
@1698 
00 00 00 00 // 0 
@169c 
00 00 00 00 // 0 
@16a0 
01 00 00 00 // 1 
@16a4 
01 00 00 00 // 1 
@16a8 
00 00 00 00 // 0 
@16ac 
00 00 00 00 // 0 
@16b0 
01 00 00 00 // 1 
@16b4 
01 00 00 00 // 1 
@16b8 
00 00 00 00 // 0 
@16bc 
01 00 00 00 // 1 
@16c0 
01 00 00 00 // 1 
@16c4 
00 00 00 00 // 0 
@16c8 
01 00 00 00 // 1 
@16cc 
01 00 00 00 // 1 
@16d0 
00 00 00 00 // 0 
@16d4 
00 00 00 00 // 0 
@16d8 
00 00 00 00 // 0 
@16dc 
00 00 00 00 // 0 
@16e0 
01 00 00 00 // 1 
@16e4 
00 00 00 00 // 0 
@16e8 
01 00 00 00 // 1 
@16ec 
01 00 00 00 // 1 
@16f0 
00 00 00 00 // 0 
@16f4 
00 00 00 00 // 0 
@16f8 
00 00 00 00 // 0 
@16fc 
00 00 00 00 // 0 
@1700 
01 00 00 00 // 1 
@1704 
00 00 00 00 // 0 
@1708 
00 00 00 00 // 0 
@170c 
01 00 00 00 // 1 
@1710 
01 00 00 00 // 1 
@1714 
01 00 00 00 // 1 
@1718 
00 00 00 00 // 0 
@171c 
00 00 00 00 // 0 
@1720 
00 00 00 00 // 0 
@1724 
01 00 00 00 // 1 
@1728 
00 00 00 00 // 0 
@172c 
00 00 00 00 // 0 
@1730 
00 00 00 00 // 0 
@1734 
00 00 00 00 // 0 
@1738 
01 00 00 00 // 1 
@173c 
00 00 00 00 // 0 
@1740 
01 00 00 00 // 1 
@1744 
00 00 00 00 // 0 
@1748 
00 00 00 00 // 0 
@174c 
01 00 00 00 // 1 
@1750 
01 00 00 00 // 1 
@1754 
01 00 00 00 // 1 
@1758 
00 00 00 00 // 0 
@175c 
00 00 00 00 // 0 
@1760 
00 00 00 00 // 0 
@1764 
00 00 00 00 // 0 
@1768 
01 00 00 00 // 1 
@176c 
01 00 00 00 // 1 
@1770 
00 00 00 00 // 0 
@1774 
01 00 00 00 // 1 
@1778 
00 00 00 00 // 0 
@177c 
01 00 00 00 // 1 
@1780 
01 00 00 00 // 1 
@1784 
00 00 00 00 // 0 
@1788 
00 00 00 00 // 0 
@178c 
00 00 00 00 // 0 
@1790 
01 00 00 00 // 1 
@1794 
00 00 00 00 // 0 
@1798 
01 00 00 00 // 1 
@179c 
01 00 00 00 // 1 
@17a0 
01 00 00 00 // 1 
@17a4 
01 00 00 00 // 1 
@17a8 
00 00 00 00 // 0 
@17ac 
00 00 00 00 // 0 
@17b0 
01 00 00 00 // 1 
@17b4 
00 00 00 00 // 0 
@17b8 
00 00 00 00 // 0 
@17bc 
01 00 00 00 // 1 
@17c0 
00 00 00 00 // 0 
@17c4 
00 00 00 00 // 0 
@17c8 
01 00 00 00 // 1 
@17cc 
00 00 00 00 // 0 
@17d0 
00 00 00 00 // 0 
@17d4 
01 00 00 00 // 1 
@17d8 
01 00 00 00 // 1 
@17dc 
00 00 00 00 // 0 
@17e0 
00 00 00 00 // 0 
@17e4 
00 00 00 00 // 0 
@17e8 
00 00 00 00 // 0 
@17ec 
01 00 00 00 // 1 
@17f0 
00 00 00 00 // 0 
@17f4 
00 00 00 00 // 0 
@17f8 
00 00 00 00 // 0 
@17fc 
00 00 00 00 // 0 
@1800 
00 00 00 00 // 0 
@1804 
00 00 00 00 // 0 
@1808 
00 00 00 00 // 0 
@180c 
01 00 00 00 // 1 
@1810 
00 00 00 00 // 0 
@1814 
01 00 00 00 // 1 
@1818 
00 00 00 00 // 0 
@181c 
00 00 00 00 // 0 
@1820 
00 00 00 00 // 0 
@1824 
00 00 00 00 // 0 
@1828 
01 00 00 00 // 1 
@182c 
00 00 00 00 // 0 
@1830 
01 00 00 00 // 1 
@1834 
00 00 00 00 // 0 
@1838 
01 00 00 00 // 1 
@183c 
00 00 00 00 // 0 
@1840 
00 00 00 00 // 0 
@1844 
01 00 00 00 // 1 
@1848 
00 00 00 00 // 0 
@184c 
00 00 00 00 // 0 
@1850 
01 00 00 00 // 1 
@1854 
01 00 00 00 // 1 
@1858 
01 00 00 00 // 1 
@185c 
00 00 00 00 // 0 
@1860 
01 00 00 00 // 1 
@1864 
01 00 00 00 // 1 
@1868 
00 00 00 00 // 0 
@186c 
00 00 00 00 // 0 
@1870 
01 00 00 00 // 1 
@1874 
01 00 00 00 // 1 
@1878 
01 00 00 00 // 1 
@187c 
01 00 00 00 // 1 
@1880 
00 00 00 00 // 0 
@1884 
01 00 00 00 // 1 
@1888 
00 00 00 00 // 0 
@188c 
01 00 00 00 // 1 
@1890 
01 00 00 00 // 1 
@1894 
00 00 00 00 // 0 
@1898 
01 00 00 00 // 1 
@189c 
00 00 00 00 // 0 
@18a0 
01 00 00 00 // 1 
@18a4 
00 00 00 00 // 0 
@18a8 
00 00 00 00 // 0 
@18ac 
00 00 00 00 // 0 
@18b0 
01 00 00 00 // 1 
@18b4 
01 00 00 00 // 1 
@18b8 
01 00 00 00 // 1 
@18bc 
01 00 00 00 // 1 
@18c0 
01 00 00 00 // 1 
@18c4 
00 00 00 00 // 0 
@18c8 
01 00 00 00 // 1 
@18cc 
01 00 00 00 // 1 
@18d0 
00 00 00 00 // 0 
@18d4 
00 00 00 00 // 0 
@18d8 
00 00 00 00 // 0 
@18dc 
01 00 00 00 // 1 
@18e0 
01 00 00 00 // 1 
@18e4 
00 00 00 00 // 0 
@18e8 
00 00 00 00 // 0 
@18ec 
00 00 00 00 // 0 
@18f0 
00 00 00 00 // 0 
@18f4 
01 00 00 00 // 1 
@18f8 
00 00 00 00 // 0 
@18fc 
01 00 00 00 // 1 
@1900 
00 00 00 00 // 0 
@1904 
00 00 00 00 // 0 
@1908 
01 00 00 00 // 1 
@190c 
00 00 00 00 // 0 
@1910 
01 00 00 00 // 1 
@1914 
00 00 00 00 // 0 
@1918 
01 00 00 00 // 1 
@191c 
01 00 00 00 // 1 
@1920 
01 00 00 00 // 1 
@1924 
01 00 00 00 // 1 
@1928 
01 00 00 00 // 1 
@192c 
01 00 00 00 // 1 
@1930 
01 00 00 00 // 1 
@1934 
00 00 00 00 // 0 
@1938 
01 00 00 00 // 1 
@193c 
01 00 00 00 // 1 
@1940 
01 00 00 00 // 1 
@1944 
01 00 00 00 // 1 
@1948 
01 00 00 00 // 1 
@194c 
01 00 00 00 // 1 
@1950 
01 00 00 00 // 1 
@1954 
00 00 00 00 // 0 
@1958 
00 00 00 00 // 0 
@195c 
01 00 00 00 // 1 
@1960 
00 00 00 00 // 0 
@1964 
01 00 00 00 // 1 
@1968 
00 00 00 00 // 0 
@196c 
01 00 00 00 // 1 
@1970 
01 00 00 00 // 1 
@1974 
00 00 00 00 // 0 
@1978 
01 00 00 00 // 1 
@197c 
01 00 00 00 // 1 
@1980 
00 00 00 00 // 0 
@1984 
01 00 00 00 // 1 
@1988 
00 00 00 00 // 0 
@198c 
00 00 00 00 // 0 
@1990 
00 00 00 00 // 0 
@1994 
01 00 00 00 // 1 
@1998 
00 00 00 00 // 0 
@199c 
01 00 00 00 // 1 
@19a0 
01 00 00 00 // 1 
@19a4 
01 00 00 00 // 1 
@19a8 
00 00 00 00 // 0 
@19ac 
00 00 00 00 // 0 
@19b0 
01 00 00 00 // 1 
@19b4 
00 00 00 00 // 0 
@19b8 
01 00 00 00 // 1 
@19bc 
01 00 00 00 // 1 
@19c0 
00 00 00 00 // 0 
@19c4 
00 00 00 00 // 0 
@19c8 
01 00 00 00 // 1 
@19cc 
01 00 00 00 // 1 
@19d0 
01 00 00 00 // 1 
@19d4 
01 00 00 00 // 1 
@19d8 
01 00 00 00 // 1 
@19dc 
00 00 00 00 // 0 
@19e0 
01 00 00 00 // 1 
@19e4 
00 00 00 00 // 0 
@19e8 
01 00 00 00 // 1 
@19ec 
00 00 00 00 // 0 
@19f0 
00 00 00 00 // 0 
@19f4 
00 00 00 00 // 0 
@19f8 
00 00 00 00 // 0 
@19fc 
01 00 00 00 // 1 
@1a00 
01 00 00 00 // 1 
@1a04 
01 00 00 00 // 1 
@1a08 
01 00 00 00 // 1 
@1a0c 
00 00 00 00 // 0 
@1a10 
00 00 00 00 // 0 
@1a14 
01 00 00 00 // 1 
@1a18 
00 00 00 00 // 0 
@1a1c 
01 00 00 00 // 1 
@1a20 
01 00 00 00 // 1 
@1a24 
00 00 00 00 // 0 
@1a28 
00 00 00 00 // 0 
@1a2c 
01 00 00 00 // 1 
@1a30 
01 00 00 00 // 1 
@1a34 
00 00 00 00 // 0 
@1a38 
00 00 00 00 // 0 
@1a3c 
01 00 00 00 // 1 
@1a40 
00 00 00 00 // 0 
@1a44 
00 00 00 00 // 0 
@1a48 
01 00 00 00 // 1 
@1a4c 
01 00 00 00 // 1 
@1a50 
01 00 00 00 // 1 
@1a54 
00 00 00 00 // 0 
@1a58 
00 00 00 00 // 0 
@1a5c 
00 00 00 00 // 0 
@1a60 
00 00 00 00 // 0 
@1a64 
00 00 00 00 // 0 
@1a68 
00 00 00 00 // 0 
@1a6c 
01 00 00 00 // 1 
@1a70 
00 00 00 00 // 0 
@1a74 
00 00 00 00 // 0 
@1a78 
00 00 00 00 // 0 
@1a7c 
01 00 00 00 // 1 
@1a80 
00 00 00 00 // 0 
@1a84 
00 00 00 00 // 0 
@1a88 
00 00 00 00 // 0 
@1a8c 
01 00 00 00 // 1 
@1a90 
00 00 00 00 // 0 
@1a94 
00 00 00 00 // 0 
@1a98 
00 00 00 00 // 0 
@1a9c 
00 00 00 00 // 0 
@1aa0 
01 00 00 00 // 1 
@1aa4 
00 00 00 00 // 0 
@1aa8 
00 00 00 00 // 0 
@1aac 
00 00 00 00 // 0 
@1ab0 
00 00 00 00 // 0 
@1ab4 
01 00 00 00 // 1 
@1ab8 
00 00 00 00 // 0 
@1abc 
00 00 00 00 // 0 
@1ac0 
00 00 00 00 // 0 
@1ac4 
01 00 00 00 // 1 
@1ac8 
00 00 00 00 // 0 
@1acc 
01 00 00 00 // 1 
@1ad0 
00 00 00 00 // 0 
@1ad4 
00 00 00 00 // 0 
@1ad8 
01 00 00 00 // 1 
@1adc 
01 00 00 00 // 1 
@1ae0 
00 00 00 00 // 0 
@1ae4 
00 00 00 00 // 0 
@1ae8 
01 00 00 00 // 1 
@1aec 
01 00 00 00 // 1 
@1af0 
00 00 00 00 // 0 
@1af4 
01 00 00 00 // 1 
@1af8 
00 00 00 00 // 0 
@1afc 
00 00 00 00 // 0 
@1b00 
01 00 00 00 // 1 
@1b04 
00 00 00 00 // 0 
@1b08 
00 00 00 00 // 0 
@1b0c 
01 00 00 00 // 1 
@1b10 
01 00 00 00 // 1 
@1b14 
00 00 00 00 // 0 
@1b18 
01 00 00 00 // 1 
@1b1c 
00 00 00 00 // 0 
@1b20 
00 00 00 00 // 0 
@1b24 
00 00 00 00 // 0 
@1b28 
00 00 00 00 // 0 
@1b2c 
00 00 00 00 // 0 
@1b30 
01 00 00 00 // 1 
@1b34 
01 00 00 00 // 1 
@1b38 
01 00 00 00 // 1 
@1b3c 
00 00 00 00 // 0 
@1b40 
00 00 00 00 // 0 
@1b44 
01 00 00 00 // 1 
@1b48 
01 00 00 00 // 1 
@1b4c 
00 00 00 00 // 0 
@1b50 
00 00 00 00 // 0 
@1b54 
01 00 00 00 // 1 
@1b58 
01 00 00 00 // 1 
@1b5c 
01 00 00 00 // 1 
@1b60 
00 00 00 00 // 0 
@1b64 
00 00 00 00 // 0 
@1b68 
00 00 00 00 // 0 
@1b6c 
00 00 00 00 // 0 
@1b70 
00 00 00 00 // 0 
@1b74 
01 00 00 00 // 1 
@1b78 
00 00 00 00 // 0 
@1b7c 
00 00 00 00 // 0 
@1b80 
00 00 00 00 // 0 
@1b84 
01 00 00 00 // 1 
@1b88 
00 00 00 00 // 0 
@1b8c 
00 00 00 00 // 0 
@1b90 
01 00 00 00 // 1 
@1b94 
01 00 00 00 // 1 
@1b98 
01 00 00 00 // 1 
@1b9c 
01 00 00 00 // 1 
@1ba0 
01 00 00 00 // 1 
@1ba4 
00 00 00 00 // 0 
@1ba8 
01 00 00 00 // 1 
@1bac 
00 00 00 00 // 0 
@1bb0 
00 00 00 00 // 0 
@1bb4 
00 00 00 00 // 0 
@1bb8 
01 00 00 00 // 1 
@1bbc 
01 00 00 00 // 1 
@1bc0 
00 00 00 00 // 0 
@1bc4 
00 00 00 00 // 0 
@1bc8 
00 00 00 00 // 0 
@1bcc 
01 00 00 00 // 1 
@1bd0 
01 00 00 00 // 1 
@1bd4 
01 00 00 00 // 1 
@1bd8 
01 00 00 00 // 1 
@1bdc 
01 00 00 00 // 1 
@1be0 
00 00 00 00 // 0 
@1be4 
00 00 00 00 // 0 
@1be8 
00 00 00 00 // 0 
@1bec 
01 00 00 00 // 1 
@1bf0 
00 00 00 00 // 0 
@1bf4 
00 00 00 00 // 0 
@1bf8 
00 00 00 00 // 0 
@1bfc 
01 00 00 00 // 1 
@1c00 
00 00 00 00 // 0 
@1c04 
01 00 00 00 // 1 
@1c08 
00 00 00 00 // 0 
@1c0c 
01 00 00 00 // 1 
@1c10 
01 00 00 00 // 1 
@1c14 
00 00 00 00 // 0 
@1c18 
00 00 00 00 // 0 
@1c1c 
00 00 00 00 // 0 
@1c20 
00 00 00 00 // 0 
@1c24 
01 00 00 00 // 1 
@1c28 
01 00 00 00 // 1 
@1c2c 
00 00 00 00 // 0 
@1c30 
01 00 00 00 // 1 
@1c34 
01 00 00 00 // 1 
@1c38 
00 00 00 00 // 0 
@1c3c 
01 00 00 00 // 1 
@1c40 
01 00 00 00 // 1 
@1c44 
00 00 00 00 // 0 
@1c48 
01 00 00 00 // 1 
@1c4c 
00 00 00 00 // 0 
@1c50 
00 00 00 00 // 0 
@1c54 
01 00 00 00 // 1 
@1c58 
01 00 00 00 // 1 
@1c5c 
01 00 00 00 // 1 
@1c60 
00 00 00 00 // 0 
@1c64 
01 00 00 00 // 1 
@1c68 
00 00 00 00 // 0 
@1c6c 
01 00 00 00 // 1 
@1c70 
01 00 00 00 // 1 
@1c74 
00 00 00 00 // 0 
@1c78 
01 00 00 00 // 1 
@1c7c 
01 00 00 00 // 1 
@1c80 
00 00 00 00 // 0 
@1c84 
00 00 00 00 // 0 
@1c88 
00 00 00 00 // 0 
@1c8c 
01 00 00 00 // 1 
@1c90 
01 00 00 00 // 1 
@1c94 
01 00 00 00 // 1 
@1c98 
01 00 00 00 // 1 
@1c9c 
00 00 00 00 // 0 
@1ca0 
00 00 00 00 // 0 
@1ca4 
01 00 00 00 // 1 
@1ca8 
00 00 00 00 // 0 
@1cac 
01 00 00 00 // 1 
@1cb0 
01 00 00 00 // 1 
@1cb4 
00 00 00 00 // 0 
@1cb8 
00 00 00 00 // 0 
@1cbc 
00 00 00 00 // 0 
@1cc0 
00 00 00 00 // 0 
@1cc4 
01 00 00 00 // 1 
@1cc8 
00 00 00 00 // 0 
@1ccc 
00 00 00 00 // 0 
@1cd0 
01 00 00 00 // 1 
@1cd4 
00 00 00 00 // 0 
@1cd8 
01 00 00 00 // 1 
@1cdc 
00 00 00 00 // 0 
@1ce0 
01 00 00 00 // 1 
@1ce4 
00 00 00 00 // 0 
@1ce8 
00 00 00 00 // 0 
@1cec 
01 00 00 00 // 1 
@1cf0 
01 00 00 00 // 1 
@1cf4 
01 00 00 00 // 1 
@1cf8 
00 00 00 00 // 0 
@1cfc 
00 00 00 00 // 0 
@1d00 
00 00 00 00 // 0 
@1d04 
01 00 00 00 // 1 
@1d08 
01 00 00 00 // 1 
@1d0c 
00 00 00 00 // 0 
@1d10 
01 00 00 00 // 1 
@1d14 
01 00 00 00 // 1 
@1d18 
01 00 00 00 // 1 
@1d1c 
01 00 00 00 // 1 
@1d20 
01 00 00 00 // 1 
@1d24 
00 00 00 00 // 0 
@1d28 
00 00 00 00 // 0 
@1d2c 
01 00 00 00 // 1 
@1d30 
01 00 00 00 // 1 
@1d34 
00 00 00 00 // 0 
@1d38 
00 00 00 00 // 0 
@1d3c 
00 00 00 00 // 0 
@1d40 
01 00 00 00 // 1 
@1d44 
00 00 00 00 // 0 
@1d48 
00 00 00 00 // 0 
@1d4c 
00 00 00 00 // 0 
@1d50 
01 00 00 00 // 1 
@1d54 
01 00 00 00 // 1 
@1d58 
01 00 00 00 // 1 
@1d5c 
00 00 00 00 // 0 
@1d60 
01 00 00 00 // 1 
@1d64 
01 00 00 00 // 1 
@1d68 
00 00 00 00 // 0 
@1d6c 
00 00 00 00 // 0 
@1d70 
00 00 00 00 // 0 
@1d74 
01 00 00 00 // 1 
@1d78 
01 00 00 00 // 1 
@1d7c 
00 00 00 00 // 0 
@1d80 
00 00 00 00 // 0 
@1d84 
00 00 00 00 // 0 
@1d88 
00 00 00 00 // 0 
@1d8c 
00 00 00 00 // 0 
@1d90 
00 00 00 00 // 0 
@1d94 
00 00 00 00 // 0 
@1d98 
00 00 00 00 // 0 
@1d9c 
01 00 00 00 // 1 
@1da0 
01 00 00 00 // 1 
@1da4 
00 00 00 00 // 0 
@1da8 
01 00 00 00 // 1 
@1dac 
00 00 00 00 // 0 
@1db0 
01 00 00 00 // 1 
@1db4 
00 00 00 00 // 0 
@1db8 
00 00 00 00 // 0 
@1dbc 
00 00 00 00 // 0 
@1dc0 
01 00 00 00 // 1 
@1dc4 
00 00 00 00 // 0 
@1dc8 
00 00 00 00 // 0 
@1dcc 
00 00 00 00 // 0 
@1dd0 
00 00 00 00 // 0 
@1dd4 
01 00 00 00 // 1 
@1dd8 
00 00 00 00 // 0 
@1ddc 
01 00 00 00 // 1 
@1de0 
00 00 00 00 // 0 
@1de4 
00 00 00 00 // 0 
@1de8 
01 00 00 00 // 1 
@1dec 
01 00 00 00 // 1 
@1df0 
00 00 00 00 // 0 
@1df4 
01 00 00 00 // 1 
@1df8 
00 00 00 00 // 0 
@1dfc 
00 00 00 00 // 0 
@1e00 
01 00 00 00 // 1 
@1e04 
01 00 00 00 // 1 
@1e08 
01 00 00 00 // 1 
@1e0c 
00 00 00 00 // 0 
@1e10 
01 00 00 00 // 1 
@1e14 
00 00 00 00 // 0 
@1e18 
00 00 00 00 // 0 
@1e1c 
01 00 00 00 // 1 
@1e20 
01 00 00 00 // 1 
@1e24 
01 00 00 00 // 1 
@1e28 
01 00 00 00 // 1 
@1e2c 
01 00 00 00 // 1 
@1e30 
00 00 00 00 // 0 
@1e34 
00 00 00 00 // 0 
@1e38 
00 00 00 00 // 0 
@1e3c 
00 00 00 00 // 0 
@1e40 
01 00 00 00 // 1 
@1e44 
01 00 00 00 // 1 
@1e48 
00 00 00 00 // 0 
@1e4c 
00 00 00 00 // 0 
@1e50 
00 00 00 00 // 0 
@1e54 
01 00 00 00 // 1 
@1e58 
01 00 00 00 // 1 
@1e5c 
01 00 00 00 // 1 
@1e60 
00 00 00 00 // 0 
@1e64 
00 00 00 00 // 0 
@1e68 
01 00 00 00 // 1 
@1e6c 
00 00 00 00 // 0 
@1e70 
01 00 00 00 // 1 
@1e74 
01 00 00 00 // 1 
@1e78 
00 00 00 00 // 0 
@1e7c 
00 00 00 00 // 0 
@1e80 
00 00 00 00 // 0 
@1e84 
01 00 00 00 // 1 
@1e88 
00 00 00 00 // 0 
@1e8c 
00 00 00 00 // 0 
@1e90 
00 00 00 00 // 0 
@1e94 
01 00 00 00 // 1 
@1e98 
01 00 00 00 // 1 
@1e9c 
00 00 00 00 // 0 
@1ea0 
00 00 00 00 // 0 
@1ea4 
01 00 00 00 // 1 
@1ea8 
01 00 00 00 // 1 
@1eac 
01 00 00 00 // 1 
@1eb0 
00 00 00 00 // 0 
@1eb4 
00 00 00 00 // 0 
@1eb8 
01 00 00 00 // 1 
@1ebc 
00 00 00 00 // 0 
@1ec0 
01 00 00 00 // 1 
@1ec4 
01 00 00 00 // 1 
@1ec8 
01 00 00 00 // 1 
@1ecc 
00 00 00 00 // 0 
@1ed0 
01 00 00 00 // 1 
@1ed4 
00 00 00 00 // 0 
@1ed8 
00 00 00 00 // 0 
@1edc 
00 00 00 00 // 0 
@1ee0 
01 00 00 00 // 1 
@1ee4 
00 00 00 00 // 0 
@1ee8 
00 00 00 00 // 0 
@1eec 
00 00 00 00 // 0 
@1ef0 
01 00 00 00 // 1 
@1ef4 
01 00 00 00 // 1 
@1ef8 
01 00 00 00 // 1 
@1efc 
01 00 00 00 // 1 
@1f00 
01 00 00 00 // 1 
@1f04 
01 00 00 00 // 1 
@1f08 
00 00 00 00 // 0 
@1f0c 
01 00 00 00 // 1 
@1f10 
01 00 00 00 // 1 
@1f14 
01 00 00 00 // 1 
@1f18 
01 00 00 00 // 1 
@1f1c 
00 00 00 00 // 0 
@1f20 
00 00 00 00 // 0 
@1f24 
01 00 00 00 // 1 
@1f28 
01 00 00 00 // 1 
@1f2c 
00 00 00 00 // 0 
@1f30 
01 00 00 00 // 1 
@1f34 
01 00 00 00 // 1 
@1f38 
00 00 00 00 // 0 
@1f3c 
01 00 00 00 // 1 
@1f40 
01 00 00 00 // 1 
@1f44 
01 00 00 00 // 1 
@1f48 
00 00 00 00 // 0 
@1f4c 
01 00 00 00 // 1 
@1f50 
01 00 00 00 // 1 
@1f54 
00 00 00 00 // 0 
@1f58 
00 00 00 00 // 0 
@1f5c 
00 00 00 00 // 0 
@1f60 
01 00 00 00 // 1 
@1f64 
00 00 00 00 // 0 
@1f68 
00 00 00 00 // 0 
@1f6c 
00 00 00 00 // 0 
@1f70 
01 00 00 00 // 1 
@1f74 
00 00 00 00 // 0 
@1f78 
01 00 00 00 // 1 
@1f7c 
00 00 00 00 // 0 
@1f80 
00 00 00 00 // 0 
@1f84 
01 00 00 00 // 1 
@1f88 
00 00 00 00 // 0 
@1f8c 
00 00 00 00 // 0 
@1f90 
01 00 00 00 // 1 
@1f94 
00 00 00 00 // 0 
@1f98 
00 00 00 00 // 0 
@1f9c 
01 00 00 00 // 1 
@1fa0 
01 00 00 00 // 1 
@1fa4 
01 00 00 00 // 1 
@1fa8 
01 00 00 00 // 1 
@1fac 
00 00 00 00 // 0 
@1fb0 
01 00 00 00 // 1 
@1fb4 
01 00 00 00 // 1 
@1fb8 
01 00 00 00 // 1 
@1fbc 
00 00 00 00 // 0 
@1fc0 
01 00 00 00 // 1 
@1fc4 
01 00 00 00 // 1 
@1fc8 
01 00 00 00 // 1 
@1fcc 
00 00 00 00 // 0 
@1fd0 
00 00 00 00 // 0 
@1fd4 
01 00 00 00 // 1 
@1fd8 
00 00 00 00 // 0 
@1fdc 
00 00 00 00 // 0 
@1fe0 
01 00 00 00 // 1 
@1fe4 
01 00 00 00 // 1 
@1fe8 
01 00 00 00 // 1 
@1fec 
00 00 00 00 // 0 
@1ff0 
00 00 00 00 // 0 
@1ff4 
01 00 00 00 // 1 
@1ff8 
00 00 00 00 // 0 
@1ffc 
01 00 00 00 // 1 
