5         3         5         3         3         3         5         2         5         4         3         5         2         5         4         4         
7         5         4         3         2         6         4         4         6         4         2         3         5         3         4         5         
2         5         4         2         2         4         3         4         4         1         4         4         4         3         4         3         
1         4         3         2         2         2         1         4         4         1         3         3         2         2         4         2         
6         5         5         3         2         5         5         4         6         3         4         5         5         6         5         7         
6         5         4         3         3         4         4         5         5         3         5         4         4         5         6         2         
4         1         1         3         1         4         0         1         3         1         3         2         1         1         0         1         
7         4         5         4         3         5         5         2         6         5         4         7         4         5         4         5         
6         5         3         2         2         5         3         3         6         3         4         4         3         4         2         2         
6         7         4         4         3         6         2         6         5         3         4         5         6         4         4         6         
2         3         3         2         1         4         1         3         4         0         2         1         2         2         2         4         
5         5         6         2         2         3         6         4         4         3         3         4         5         6         5         5         
3         6         6         2         2         5         4         5         6         1         3         3         4         4         5         4         
4         1         2         2         1         1         3         1         2         2         2         2         2         5         3         2         
4         2         4         2         0         4         4         2         4         1         3         2         3         3         3         3         
5         4         2         3         3         3         4         3         1         4         3         4         4         4         2         2         

3         4         5         4         5         5         4         5         3         6         6         2         2         4         5         4         
4         7         5         6         6         7         7         5         4         8         7         4         4         4         5         4         
2         4         4         4         4         5         4         1         3         5         5         2         2         4         4         3         
4         5         3         5         5         4         3         4         2         4         5         2         3         6         4         1         
5         6         2         7         6         5         5         5         3         6         6         2         4         6         5         1         
4         6         4         5         7         6         3         3         4         5         8         3         3         3         3         4         
3         2         1         3         2         1         2         4         3         4         1         0         1         2         3         0         
6         4         4         4         3         4         4         3         3         5         3         2         5         2         3         3         
6         5         4         6         6         6         4         5         4         6         6         3         4         4         6         2         
6         4         4         5         5         5         5         5         4         5         5         1         5         4         4         3         
4         3         4         6         4         7         4         3         3         5         5         3         3         3         5         2         
4         8         3         5         8         5         5         7         3         6         8         3         3         5         4         3         
5         6         7         6         7         8         6         5         5         7         9         2         4         5         5         6         
3         5         2         4         6         4         5         4         3         4         6         1         2         4         4         2         
5         5         3         6         7         5         4         7         4         7         6         3         3         4         7         2         
6         6         5         5         7         6         4         6         5         7         8         3         4         4         3         5         

3         3         4         5         2         4         3         4         0         3         5         4         2         3         2         1         
3         3         1         4         2         3         5         6         2         2         4         2         4         4         4         3         
27        18        23        41        16        23        27        28        22        23        28        25        20        30        19        22        
37        32        27        47        23        28        32        40        26        35        41        35        30        34        35        35        
29        23        25        36        19        28        29        37        19        25        31        25        24        27        29        28        
20        19        20        28        16        19        23        30        16        22        26        20        19        22        22        23        
35        26        29        50        24        28        33        40        26        30        39        33        29        35        29        30        
41        36        28        48        25        35        41        46        25        34        43        34        33        39        39        41        
23        20        18        28        14        16        23        30        9         24        30        25        17        20        25        22        
36        21        28        50        20        29        34        33        26        28        34        31        24        37        24        30        
38        29        25        43        22        29        33        39        22        32        38        33        28        33        35        36        
34        27        31        47        26        27        37        40        27        34        41        32        29        36        27        34        
24        22        18        26        13        23        22        33        13        22        28        22        19        21        29        26        
31        26        24        42        20        29        30        34        24        23        31        26        27        31        26        28        
35        31        29        43        22        31        33        47        24        33        41        34        29        31        37        34        
22        22        14        26        13        19        23        26        11        18        23        20        20        21        25        23        

233       289       165       231       241       253       321       217       315       366       277       180       127       237       275       276       
258       283       192       246       248       287       360       225       332       383       273       213       146       229       293       297       
162       200       113       154       153       166       219       149       202       230       190       121       94        167       186       168       
216       271       162       207       231       242       298       186       296       345       257       169       120       217       251       261       
232       277       165       222       227       249       321       208       303       347       261       187       133       221       271       257       
234       267       175       224       234       257       328       209       313       359       251       186       129       218       271       278       
163       208       116       173       156       181       226       160       218       249       197       131       94        170       196       181       
197       248       144       204       208       224       276       185       274       319       243       161       106       206       236       242       
241       266       169       233       219       266       333       219       308       357       249       191       135       210       271       275       
144       139       104       130       131       159       201       121       174       203       138       122       84        110       159       160       
21        21        15        20        18        17        30        23        25        25        24        15        10        23        26        18        
25        31        17        23        25        25        33        22        33        35        24        16        13        22        30        25        
4         6         2         4         4         5         7         3         6         7         6         3         2         4         5         7         
5         4         3         4         2         3         5         5         4         4         3         1         2         3         4         3         
2         4         2         3         3         2         5         3         4         5         6         3         1         5         4         3         
1         2         2         2         2         2         2         0         3         3         1         1         1         1         2         2         

2         1         1         1         3         3         2         2         2         2         2         1         3         2         2         1         
3         4         2         1         3         3         3         3         2         3         2         2         5         2         3         1         
1         3         1         3         3         4         5         3         3         4         2         4         4         3         3         1         
3         4         4         3         3         2         4         1         3         2         1         3         3         3         4         1         
2         1         3         2         3         4         3         2         2         3         1         2         3         3         2         0         
3         4         4         2         2         3         0         2         2         3         0         0         3         2         2         1         
2         3         1         0         2         2         2         1         2         1         2         2         2         0         2         1         
3         3         1         2         2         2         0         1         3         1         3         1         1         1         3         0         
3         2         2         2         2         1         0         2         1         1         4         2         2         1         2         1         
3         1         2         4         3         2         1         1         1         2         4         2         1         1         2         2         
1         2         4         5         3         3         1         1         1         1         2         3         3         2         2         0         
1         4         4         4         5         3         1         1         1         1         1         1         3         4         8         4         
10        11        12        12        12        10        10        14        9         5         6         10        11        12        16        7         
16        18        20        20        19        13        19        21        14        10        13        14        14        13        18        7         
18        24        25        25        20        15        27        26        19        16        16        20        19        18        24        9         
10        15        18        17        13        14        18        16        14        13        12        13        11        11        13        2         

107       133       80        114       101       137       151       105       157       165       111       101       57        110       130       123       
133       168       107       151       130       170       190       129       203       208       142       126       73        146       166       156       
94        127       78        112       90        128       145       102       151       159       112       86        55        109       127       123       
23        40        18        36        23        39        47        33        45        49        39        26        13        36        41        36        
33        39        23        33        29        40        50        28        46        54        39        33        17        32        37        39        
30        31        22        34        32        36        45        32        42        50        38        29        14        33        37        39        
18        19        12        13        11        16        24        11        22        22        14        12        9         14        16        15        
28        33        15        25        23        33        39        28        35        40        29        22        15        23        33        30        
34        40        24        34        30        41        50        33        46        53        39        30        18        34        40        40        
32        38        20        32        26        37        47        33        43        48        36        29        16        31        38        35        
27        32        19        30        24        36        39        28        38        45        29        24        14        26        32        35        
35        40        26        33        36        39        52        33        49        59        43        35        19        35        42        41        
40        45        25        44        40        45        59        44        56        65        47        38        18        42        50        47        
24        29        18        26        24        29        37        23        36        42        32        27        11        28        28        31        
35        42        27        32        31        40        50        31        48        54        39        31        20        35        40        38        
38        42        26        39        37        42        56        40        53        60        43        34        20        38        48        43        

79        95        65        63        74        44        76        134       22        66        86        86        74        71        89        52        
864       1206      740       769       833       495       995       1528      258       806       1069      877       876       886       928       617       
1205      1531      941       969       1072      735       1380      2051      333       1140      1361      1231      1108      1129      1288      895       
965       1146      702       729       807       604       1087      1595      241       915       1017      981       814       848       1028      726       
373       351       217       230       248       260       401       555       68        359       303       370       243       255       383       292       
291       364       229       237       239       185       333       498       75        274       316       293       272       273       314       215       
290       344       224       225       236       182       313       480       74        265       302       296       256       249       312       205       
142       157       94        99        104       102       174       239       33        144       141       148       116       126       157       117       
221       290       181       185       192       132       244       380       58        200       260       219       210       215       234       153       
295       373       234       241       252       180       331       502       76        275       328       299       272       280       318       211       
286       347       219       225       234       180       319       477       69        270       306       287       251       257       303       207       
248       301       188       198       209       154       278       420       62        233       270       254       225       222       269       184       
317       395       251       253       257       200       356       536       85        289       346       315       289       289       341       226       
365       449       290       293       306       228       402       612       96        338       402       368       331       321       389       255       
249       283       180       186       188       163       279       404       60        235       243       251       209       208       267       185       
298       379       234       241       253       183       343       509       79        279       333       301       273       288       323       217       

2         3         1         4         0         3         4         4         3         3         4         2         1         4         3         4         
3         5         3         4         4         5         5         3         5         5         5         5         3         5         5         4         
1         3         3         2         2         5         1         1         3         4         2         2         1         2         1         4         
3         4         3         4         5         6         4         4         6         7         3         4         2         3         5         5         
3         5         0         4         5         4         5         4         5         7         4         3         1         3         5         4         
1         4         2         4         3         4         2         2         4         5         4         3         0         4         2         3         
3         3         2         4         3         5         4         5         3         4         4         2         1         3         4         3         
2         4         2         3         2         4         3         2         3         3         4         4         1         4         2         3         
9         22        9         17        16        13        17        11        25        23        17        14        10        18        22        15        
21        26        14        20        26        20        25        18        27        30        22        13        10        20        25        20        
72        162       77        109       120       91        120       80        171       150       125       88        78        134       158       105       
190       265       151       209       218       218       267       192       299       315       215       149       124       206       269       230       
217       268       165       214       230       238       296       217       309       349       229       160       113       204       270       255       
164       211       125       160       176       187       222       171       237       269       176       127       91        155       210       193       
317       1266      386       810       866       579       797       738       1148      1157      1180      696       503       1028      1262      659       
1878      2217      1438      1933      1901      2022      2703      1790      2676      2798      2046      1376      988       1912      2415      2027      

2737      3212      2679      2874      2302      3110      4959      2642      2279      3570      3469      3215      3123      3345      2800      3065      
4623      4298      4002      3936      3636      5594      6519      3233      4171      5239      4982      4665      4605      4709      4471      3269      
3969      3180      3217      3092      3227      5179      4935      2337      3843      4271      3993      3664      3763      3849      3261      1921      
2563      2241      2232      2135      2375      3601      3222      1797      2640      2891      2774      2470      2676      2724      1920      1169      
1276      1244      1164      1208      1264      1784      1914      1056      1275      1556      1504      1322      1416      1550      1315      928       
1094      941       894       863       906       1420      1466      695       1032      1196      1150      1065      1078      1124      984       770       
1015      1014      926       899       921       1343      1417      810       969       1199      1179      1050      1112      1123      851       811       
914       981       863       891       840       1168      1485      813       836       1152      1110      1023      1050      1106      1020      1013      
1191      1166      1062      1035      970       1454      1736      880       1074      1383      1321      1235      1237      1265      1169      1036      
1255      1183      1104      1073      1054      1584      1753      902       1168      1436      1382      1282      1302      1323      1157      1035      
1262      1278      1161      1133      1110      1630      1858      1022      1183      1498      1453      1337      1360      1409      1206      1156      
1333      1376      1243      1219      1166      1684      2032      1088      1226      1610      1564      1435      1432      1504      1371      1186      
1378      1257      1169      1137      1135      1736      1916      934       1268      1541      1466      1369      1368      1431      1298      1097      
1401      1376      1260      1216      1229      1819      1964      1082      1333      1625      1584      1435      1479      1522      1229      802       
880       680       683       669       701       1105      1071      470       850       940       864       767       817       833       786       427       
651       517       520       475       563       894       644       398       665       694       617       595       631       578       303       81        

1012      734       1476      616       925       983       1275      705       1097      1240      766       876       1299      988       794       930       
1912      1388      2559      1148      1603      1704      2157      1336      2062      2149      1411      1653      2259      1833      1550      1604      
2014      1494      2618      1215      1633      1734      2178      1408      2192      2196      1479      1748      2313      1913      1642      1645      
1541      1156      2208      935       1453      1515      1867      1089      1693      1873      1132      1344      1969      1480      1252      1456      
7153      5785      11260     4695      7029      7739      9734      5347      8634      9642      5579      6243      10116     7027      5521      7272      
17391     12587     21373     10523     12933     14178     17797     11930     18503     18074     13004     14976     18904     16317     14450     13082     
1853      1454      2239      1027      1698      1806      2417      1112      2088      2118      1448      1638      1967      2058      1547      1719      
1419      1198      2198      807       1698      1577      2145      1177      1864      1875      1202      1413      1969      1798      1327      1747      
1799      1495      2536      1002      1960      1962      2622      1341      2251      2281      1477      1712      2279      2171      1628      2023      
1888      1511      2615      1047      2022      2001      2667      1368      2286      2322      1513      1782      2353      2239      1685      2061      
1759      1389      2198      980       1664      1757      2351      1122      2023      2051      1374      1590      1944      1979      1497      1701      
1455      1189      2132      825       1634      1563      2121      1131      1834      1853      1192      1411      1906      1779      1328      1695      
1749      1434      2498      973       1946      1917      2534      1335      2187      2197      1389      1682      2268      2102      1578      2017      
1711      1288      2013      943       1517      1654      2165      1009      1883      1888      1282      1514      1806      1857      1411      1521      
864       609       783       473       559       707       938       340       809       833       623       679       660       829       638       543       
171       147       255       103       197       176       247       131       219       215       141       170       224       210       148       201       

0         2800      3065      4623      4298      4002      3936      3636      5594      6519      3233      4171      5239      4982      4665      4605      
864       7260      7345      9385      9266      8198      9076      10488     10931     12173     8549      9591      11056     10585     10224     6886      
3065      10684     9284      11188     10475     9870      11665     12530     12428     13912     10269     11793     12795     12361     11844     7281      
3269      10360     7618      8462      7516      7608      9479      9426      9300      10692     7664      9111      9491      9260      8835      5179      
1921      7139      5090      5889      5317      5501      6599      6503      6818      7328      5383      6446      6557      6600      6259      3754      
1169      4180      3183      3455      3466      3354      3891      4099      4183      4606      3422      3748      4077      4099      3922      2528      
928       3260      2680      2902      2785      2663      3174      3212      3283      3983      2704      3018      3413      3338      3212      2128      
770       3019      2797      3132      3079      2909      3277      3308      3607      4122      2889      3222      3632      3612      3408      2349      
811       2934      2828      3032      3055      2807      3132      3379      3565      4074      2867      3114      3611      3542      3411      2352      
1013      3368      3214      3515      3479      3193      3622      3816      3964      4668      3285      3578      4116      4011      3837      2597      
1036      3630      3375      3692      3632      3401      3876      3973      4170      4953      3426      3776      4328      4248      4040      2734      
1035      3790      3499      3801      3668      3440      3900      4103      4388      4957      3454      3904      4376      4279      4115      2728      
1156      3837      3629      3977      3971      3669      4119      4427      4591      5222      3780      4123      4670      4580      4374      2911      
1186      3978      3245      3427      3074      2987      3542      3752      3775      4255      2945      3584      3850      3698      3567      2185      
1097      3485      2900      3312      3109      3009      3510      3756      3795      3941      3105      3582      3754      3680      3552      2110      
802       2109      1482      1563      1349      1384      1774      1772      1575      1921      1410      1714      1707      1681      1600      817       

21        24        15        23        20        22        34        22        31        33        27        18        7         25        27        25        
20        38        16        25        25        27        34        23        38        38        33        29        16        32        35        25        
23        39        19        29        29        36        36        22        41        42        35        28        14        33        34        32        
20        29        17        25        21        24        31        19        35        33        27        21        9         28        27        24        
20        31        15        24        21        26        31        26        33        32        27        22        14        26        33        24        
17        25        15        22        19        22        26        19        31        31        22        18        9         22        25        23        
60        144       48        87        83        84        102       67        142       135       97        90        53        102       116       85        
128       202       96        146       143       167       189       127       216       227       156       132       83        148       184       158       
4156      7675      3238      4456      3594      4016      5799      4279      7729      6335      5285      4553      3608      5476      6511      4516      
10415     14622     7433      10331     9306      10399     14120     10292     15553     14800     11743     8950      6397      11269     13550     11338     
13250     15842     9229      12703     12015     13539     17702     12775     17556     18195     14221     9998      6621      13008     15528     14500     
12140     13148     8434      11660     11115     12537     16161     11786     15162     16347     12844     8527      5473      11437     13680     13502     
36267     59861     27516     37346     31988     34641     49775     36747     61262     52802     44114     35210     27953     44296     53072     38593     
85666     126562    60686     84188     76585     85288     116108    84358     131595    123737    96580     76095     55085     93913     113717    91996     
57334     26879     36266     49570     54393     63956     73148     52677     42628     68447     51863     22557     6704      36709     43540     64975     
12011     13510     8578      12173     10588     12720     16334     12050     15455     16614     13392     8793      5727      11807     13892     13755     

5         4         4         4         5         5         1         5         4         4         3         7         3         4         4         5         
9         5         7         7         9         5         6         6         8         6         7         12        4         9         10        5         
34        21        26        30        26        20        12        21        26        27        21        29        14        20        27        25        
156       91        161       152       122       125       107       98        157       98        95        174       73        124       115       79        
238       156       259       253       192       154       157       156       239       183       153       241       115       202       183       185       
284       178       300       297       225       174       178       179       278       226       195       269       139       234       219       230       
252       162       265       266       203       150       151       161       240       210       167       241       117       210       200       217       
233       143       251       248       186       149       145       149       228       182       149       229       109       188       176       183       
215       135       224       223       177       136       127       144       206       172       142       205       101       183       166       185       
602       383       648       610       459       424       448       387       629       360       385       640       318       540       437       325       
1245      769       1343      1287      978       849       839       795       1259      908       833       1286      628       1057      933       897       
29560     17465     31945     28770     21873     22468     22173     19180     30285     15598     19456     33196     15656     26153     20796     11648     
85026     51457     89894     85195     65620     60975     55807     54380     84298     57383     56315     88369     43427     71080     61726     53584     
118625    75037     127165    123424    94291     81995     74586     76868     117516    91333     78950     122204    58773     98550     88464     92137     
116152    75766     126244    124113    93971     78390     71701     76246     115444    95953     77099     120030    56032     96475     88099     99938     
281514    173443    304994    283160    214823    205803    197970    184037    285022    176722    185129    308045    145026    243744    203349    154584    

1514      404       797       1067      1114      897       880       992       893       1151      1350      1202      964       825       872       1103      
2343      608       1258      1689      1839      1417      1506      1643      1395      1852      2173      1860      1546      1420      1345      1764      
2727      710       1498      1983      2183      1654      1800      1938      1624      2188      2554      2158      1807      1709      1585      2090      
2418      629       1328      1786      1954      1453      1613      1736      1440      1936      2285      1903      1624      1542      1403      1876      
2252      577       1220      1626      1767      1357      1459      1570      1337      1774      2092      1780      1486      1376      1296      1700      
2065      538       1129      1518      1672      1231      1374      1483      1240      1648      1943      1628      1383      1301      1197      1611      
5908      1562      3122      4078      4484      3638      3573      4012      3524      4662      5324      4822      3789      3277      3417      4275      
12186     3179      6535      8704      9478      7370      7748      8444      7319      9620      11205     9739      7941      7233      7063      9164      
288169    76385     150740    194777    213732    175854    168406    190689    171351    224296    256062    236918    182375    151262    169789    206024    
821831    217585    438180    579947    632509    495104    511258    559863    491627    644368    747373    657476    532090    474707    479137    612859    
1161817   304269    621270    838672    908860    695126    747200    806048    698340    913662    1071751   917711    762836    702409    671049    883565    
1150042   298287    614878    840000    906022    685452    752100    805539    692553    904981    1069359   902437    761286    710971    659902    882233    
2760559   727621    1452997   1916253   2090643   1671129   1677396   1862073   1647218   2155767   2491048   2233512   1775252   1536236   1612094   2021262   
730827    266832    420159    586101    763625    410522    626694    664128    624420    721960    705360    644767    507167    562478    504097    821842    
889951    326930    401861    705907    729638    534328    454082    633941    450816    674551    794008    622623    560902    490675    477762    637602    
352202    120173    149593    312205    260319    240776    106532    244127    134704    267315    313532    227846    173637    156252    150546    180158    

33        44        24        37        29        37        47        35        47        49        37        26        18        38        41        34        
23        30        15        22        21        27        32        23        31        35        23        19        12        21        27        26        
28        31        15        25        19        29        39        25        34        36        24        23        16        22        31        26        
14        12        11        12        10        11        19        11        15        16        12        7         6         12        13        13        
4         4         3         5         4         4         5         3         5         6         4         2         2         3         4         5         
2         5         4         7         4         6         5         4         8         8         5         4         1         6         5         7         
5         14        4         8         9         8         9         6         12        13        11        9         5         10        11        5         
13        21        8         18        16        16        22        17        24        28        19        14        8         17        22        18        
15        25        9         22        17        19        24        25        24        30        25        14        8         21        25        19        
19        28        14        21        25        26        29        25        30        36        26        20        13        21        31        24        
15        25        12        13        19        18        20        16        22        27        20        14        11        16        21        16        
13        21        9         12        16        20        21        16        21        26        17        16        11        13        22        19        
10        15        4         13        12        10        17        15        17        21        13        9         5         12        17        14        
13        13        8         11        11        13        19        11        15        18        14        12        8         11        15        12        
15        15        9         9         12        14        20        10        17        21        12        11        10        7         16        13        
16        20        11        14        13        20        22        13        20        22        16        14        11        12        19        14        

46        68        78        78        92        82        77        64        102       61        125       82        60        42        60        78        
30        31        36        43        46        43        37        30        46        32        54        40        32        23        34        38        
45        48        52        69        73        62        61        43        77        43        89        59        43        35        59        52        
99        88        98        125       136       122       113       89        140       87        162       101       85        67        112       105       
128       136       155       186       209       181       174       140       215       131       257       167       131       96        151       166       
158       174       180       213       243       213       203       160       262       156       306       191       151       120       174       199       
136       171       189       203       241       208       209       161       261       155       317       192       151       110       168       201       
112       133       150       167       185       167       162       124       202       130       243       150       119       83        134       157       
95        109       133       146       170       142       146       124       177       106       219       136       104       74        115       143       
92        98        114       125       149       128       127       103       157       96        187       116       91        66        99        115       
94        98        116       125       147       126       130       102       157       98        187       106       88        64        106       113       
104       101       127       140       162       145       142       112       167       113       199       121       100       66        119       127       
45        80        94        85        105       94        90        77        112       73        148       94        74        47        67        102       
14        20        24        19        21        24        16        20        26        16        31        18        17        15        22        25        
90        20        100       99        97        20        95        95        102       92        107       15        18        14        18        23        
3216      575       3281      3338      3483      680       3315      3260      3667      3152      3774      510       408       507       725       534       

21353     33359     35474     34774     35400     40025     43747     40480     41003     37668     40385     41769     37282     25704     32500     14613     
32922     52181     53414     54354     56687     60266     67125     62608     60971     58633     62364     63262     53622     40288     39344     23954     
34613     52740     53910     54941     57989     62786     66791     62526     61721     58921     63072     62810     53140     37934     34945     23013     
28725     42618     43252     44282     47302     51229     53195     50405     49229     47334     50769     50103     42896     29219     24690     17630     
20145     28973     29181     30235     32827     35016     36019     35104     33214     32298     34461     34174     29738     19985     16571     12496     
14127     20905     20476     21480     23101     24246     26001     24903     23442     23080     24173     24562     21564     14714     12874     8897      
12014     17928     18151     18578     19260     20748     22415     21211     20656     19608     20899     21376     18757     13078     12169     7775      
11672     17693     17720     18013     18709     20172     21731     20985     20103     19131     20514     20942     18478     13123     12786     8211      
12558     19223     19105     19390     20094     21407     23508     22471     21608     20679     21993     22598     19747     14243     13794     8613      
13410     20424     20488     20817     21391     22984     25145     23872     23268     22045     23552     24111     21041     15034     14799     9229      
14206     21490     21481     21709     22439     24253     26338     25063     24329     23066     24699     25149     21941     15671     15281     9658      
14782     22436     22490     22728     23634     25398     27470     26388     25412     24179     25884     26363     22912     16476     15675     10110     
14148     21147     20802     21133     22277     23882     25819     24303     23583     22733     24211     24438     21056     15137     14812     9605      
13268     19617     19815     19913     21133     22805     24090     22783     22247     21359     22968     22983     19599     14039     11877     7986      
9602      13830     13691     14113     15237     16178     16740     16061     15513     15274     16214     15992     13455     9259      6517      4671      
4463      6143      6056      6132      6666      7105      7488      6926      6740      6699      7149      6987      6050      4013      1700      2412      

59        55        54        66        58        42        31        33        48        53        54        59        46        40        44        19        
115       136       153       154       144       122       94        102       112       129       104       90        61        75        58        32        
62        115       177       204       210       224       209       199       180       213       218       243       250       198       136       67        
177       162       134       128       137       148       129       125       114       124       123       124       119       96        76        35        
91        140       180       224       267       312       295       292       250       299       245       359       291       287       202       95        
189       241       296       252       297       343       344       318       275       312       289       349       335       272       215       99        
255       312       350       388       458       520       521       489       419       493       432       554       526       430       321       139       
369       482       472       551       606       690       703       665       574       675       594       764       685       589       439       205       
478       575       548       643       714       808       816       800       691       811       687       944       807       731       524       241       
535       622       585       621       704       775       778       775       659       791       648       941       740       726       513       234       
490       562       574       567       653       746       723       738       639       771       599       903       702       708       480       225       
459       515       524       474       539       609       611       602       521       624       507       728       583       569       390       185       
371       438       458       442       496       575       561       572       498       582       485       681       535       517       362       168       
362       424       446       434       490       565       560       563       485       563       479       656       532       499       348       157       
361       365       338       384       402       453       450       461       395       476       385       565       446       443       291       135       
113       210       214       231       241       289       285       304       257       309       225       366       234       299       187       100       

4639      8568      10165     7611      8600      6436      8749      8830      9003      8394      8213      9238      9839      10470     10173     5685      
4530      10040     10879     9188      10522     6548      9393      9972      10333     9229      9219      10291     10552     11673     11821     7327      
4075      9499      10301     8846      9622      6017      8634      9190      9457      8468      8506      9451      9700      10709     10817     6694      
3794      8727      13480     13195     16038     11395     15705     16575     16508     15294     15182     16899     18030     19858     19353     12019     
7891      15257     28279     24513     32995     24596     33452     34786     34325     32443     31982     35540     38232     41696     39941     24130     
17713     32313     321196    382783    539923    435347    578384    604515    579702    554401    549086    608412    673757    741297    699825    433854    
328114    546749    1496293   1335264   1928691   1510053   2021643   2086895   2030487   1940138   1910253   2119287   2318100   2520051   2386581   1436223   
1123633   1931222   3252496   2511718   3635536   2638128   3590231   3712486   3708685   3479195   3422879   3812970   4094104   4429264   4287823   2574941   
1852595   3495851   4515399   3455046   4668125   3113691   4329210   4545219   4632143   4239369   4206990   4682646   4928611   5352518   5315042   3238910   
2041922   4313787   6602922   6165124   7867914   5539427   7602063   8042149   8006150   7396715   7378540   8181626   8754285   9601407   9402208   5828912   
3808232   7465205   8455693   5512340   6781416   4215253   5928403   6187630   6474902   5919998   5991956   6833887   6882559   7366347   7192953   4287883   
2678669   6156886   5218713   5209050   5530287   3015252   4474187   4882749   5199010   4368130   4467349   5007469   4896373   5613676   5681108   4061804   
1472534   4526595   4473708   4280011   2644607   1881640   2273775   2639636   2554972   2170226   2016955   2618766   2584795   2827827   2775285   1668873   
784560    2177711   1681379   1789781   1430545   787220    838100    1290314   1135943   1048080   711688    1149967   904232    1174806   1286049   853543    
153840    832915    649955    836650    382533    145836    176118    338038    291754    261879    127170    252766    144077    276689    322899    232824    
1495      160587    153043    184654    19578     17974     12096     10600     15429     17620     17748     4958      5296      5876      5992      2955      

5016413   3864763   2458798   2045014   2904362   3783830   1709660   3111406   3820040   3427636   4217889   3184906   3862699   3376741   4029512   2535539   
18146983  16056012  8792534   8038421   11228729  14467370  7529317   12403794  15046511  12772053  16071644  13419392  15395840  13602232  14947096  9796319   
34025251  34007251  16222388  16264815  22431889  28264247  16875028  25276842  30295953  24683787  31683926  28469976  31520544  28013251  28618102  19192587  
43481371  47764730  20248440  22353516  30049727  37185627  24895849  34398654  40818905  32379078  42324554  39875184  43301212  38235975  37247415  25172152  
73421788  73478262  34416697  35836844  48021477  60311616  37370246  54104662  64764880  53342751  68788426  60921550  68335666  59519094  61714608  40535794  
65220365  82687892  29632306  37712598  48558009  59558310  45002677  57110465  67669772  50387429  68211093  69642922  72744234  64160302  58043819  40308384  
50355124  62901566  21833390  29080737  36970860  43701806  35815454  42872660  49983412  39173734  52308742  51555169  55603737  47457951  43648445  29325378  
29019905  42871015  11485957  20693555  21785262  27997412  25359792  27506302  32503137  23436354  33885838  35318253  37247042  29814392  26299537  19052661  
12617596  19318574  5177153   9219206   9809524   12055556  12010885  12640201  14092920  10282445  15122377  15666130  16570539  13737818  11766204  8472920   
3561043   7081290   1150600   3636723   3040764   3987058   4721224   4396141   4734701   3242453   5160573   5761037   5983128   4597659   3791891   2746632   
448457    1384719   39969     780929    466906    747223    960387    833960    902168    524007    895018    1216438   1146251   817007    649497    488022    
20738     32076     9713      16099     16660     23289     17576     23673     25214     18998     22977     29234     27497     27136     22308     16849     
18340     20982     8466      10124     14239     16769     9005      14062     18626     13792     16352     18695     17521     17153     15248     11718     
16480     18981     7756      8850      12556     15291     8032      12962     16760     12443     15122     16638     16025     15701     13888     10779     
19665     21221     9231      9792      14626     17265     8531      14379     19046     14214     17568     18453     18018     17634     15757     12260     
17143     19663     7928      9594      13382     15654     8434      13038     17447     12901     15205     17501     16301     16012     14265     10831     

9315      8105      7538      6566      6671      5012      8641      10238     3406      3985      6137      7689      5314      7272      7426      7184      
15923     14774     13986     10495     12094     9102      14685     19128     6511      8010      11802     14792     10444     12264     13586     12248     
84757     83906     85707     54794     65253     57641     76017     109517    35069     51560     66485     81988     62638     67947     71780     59875     
95387     92847     97591     63077     72363     64676     84788     122078    39272     58487     73930     92630     71503     77577     80889     66386     
88257     85829     90090     58288     67039     59617     77738     113024    36338     53826     68541     85866     66635     71483     74848     61249     
151355    143297    147854    101415    107098    102053    137527    183781    61062     84166     111113    135228    103167    120827    123218    105229    
6573471   5273139   11539851  2643671   4044244   9013125   11522318  5355164   7536942   2607520   2665382   11510375  5184686   9048422   6513491   9017707   
51151473  45627713  67039513  29543740  36527775  47496469  63113818  56126705  34150983  28565567  32858571  64472853  37736829  51660234  47639397  47783543  
154433716 142894268 179818758 97616590  113365697 120095825 161276263 183796873 77487062  93282779  109207246 168931726 111121945 137972754 139749390 121564452 
279262858 264325150 305767243 184518835 206126891 195500321 263458302 346454216 116677845 174656585 204814080 282714551 199533847 234764115 248485217 199782862 
394627278 373801965 445182031 257403286 286394904 286957695 384094674 484412221 177403190 242586126 280582715 413742970 285577411 343906643 352596009 295001857 
565793652 540744374 593519508 384710794 424274492 371195995 506094652 717073371 208507038 362410443 424916344 546481784 402152458 457375261 502028368 383329558 
561865376 550491915 574534094 390615450 410584254 342978083 462497637 731421319 182134253 363672287 420686689 521278187 401539912 444929473 490576147 359412012 
411448324 406131992 411522472 291718407 306869035 243394501 332517650 542869545 123381402 269645808 310407840 374132760 296293164 322321336 360450737 260889960 
258087953 261732104 249285123 187978801 188448872 143739587 197728310 347217596 69228515  171211988 193652209 227070271 186399244 196928001 226553251 157725574 
112604862 114571845 106365621 83353726  82735394  60381549  83226624  153241564 27049644  75249194  84724160  96413358  81770125  85682777  98165168  67198328  

34720     49860     47066     41728     45271     48480     47877     38769     32707     39613     38448     39676     40539     45353     49057     29336     
53351     88328     84150     76183     70645     79786     81753     65225     47708     61280     66928     60546     61254     74707     76069     58034     
51392     84194     79926     72189     53049     59829     63927     40655     30747     39447     48627     35572     37128     52369     47208     47925     
36787     54204     53176     48939     40356     32558     39589     29921     19076     24011     30069     25013     22310     31636     31593     28693     
18525     34995     33321     31321     26136     13889     4317      3645      2790      1677      1704      1410      1266      1480      1935      1431      
1032      1915      1645      1529      1644      1752      1711      1466      849       472       549       490       405       461       524       441       
298       550       489       454       508       530       546       563       546       399       431       393       320       284       274       202       
182       302       261       288       227       212       205       350       489       581       661       696       641       590       555       392       
400       667       671       607       547       407       408       425       677       756       782       784       756       698       638       519       
465       699       679       621       529       400       324       446       610       790       956       1087      1144      1166      1078      785       
582       1212      1121      1258      1037      792       629       671       964       969       1079      1127      1238      1233      1165      807       
712       1153      1230      1155      1052      745       676       726       1077      1316      1464      1696      1901      1960      1845      1306      
1043      1880      1911      1969      1697      1273      1086      1160      1583      1920      2014      2248      2469      2563      2428      1677      
1399      2472      2471      2563      2161      1602      1370      1503      2075      2352      2551      2903      3198      3352      3182      2282      
1855      3274      3244      3440      2876      2162      1724      1849      2546      2745      2955      3267      3586      3759      3605      2705      
1486      1956      2302      2256      2005      1552      885       1218      1675      1708      1812      2061      2297      2402      2391      2150      

1384      2742      2914      3273      3047      2564      2208      2002      2465      3027      3815      4373      4725      4879      4782      2942      
2224      4197      4726      5582      5231      4655      3718      3346      3623      4517      5334      5834      6328      6607      6556      4202      
2620      5134      5497      6687      6216      5531      4539      3934      4518      5369      6690      7528      8465      9061      9275      6116      
3846      6771      7988      9189      9117      7876      6576      5619      6253      7669      9027      10273     11223     12174     12439     8116      
4926      9446      10449     12585     11958     10620     8661      7584      8343      10087     11891     13438     14831     16165     16589     10942     
6842      12603     14123     16904     16161     14340     11566     9926      10724     12578     14792     16236     17805     19336     19893     13144     
7723      13102     13315     15699     15246     13576     10644     9036      9551      11270     13048     14144     15614     16984     17633     11734     
6709      10105     9442      9785      10154     8663      6525      5731      5695      7098      7935      8518      9342      10171     10654     7468      
4906      6293      5961      5894      6236      5148      3925      3052      3213      4237      4350      4576      4996      5432      5708      4327      
4066      3681      4181      4060      4231      3450      2590      2119      2224      2812      2901      3026      3249      3528      3642      2482      
2343      3364      3699      3694      3732      3095      2281      1878      2036      2576      2708      2798      3045      3281      3446      2286      
2151      3134      3468      3415      3468      2845      2079      1775      1846      2310      2403      2502      2734      2930      3053      2043      
1932      2802      3130      3088      3144      2577      1887      1416      1342      1660      1850      1860      2088      2232      2352      1602      
1527      2134      2420      2312      2439      1956      1512      915       975       875       915       897       985       1043      1107      791       
740       1020      1122      1097      1176      930       740       443       377       428       471       479       499       630       544       442       
277       351       261       423       268       347       220       139       107       214       59        210       143       216       140       121       

10301     17075     17782     16517     14405     11672     10017     10385     11303     12589     13392     14245     15208     13593     12625     6261      
12764     19268     19992     18801     16250     12781     10448     10539     11677     12890     13733     14657     15740     14605     12752     7323      
10818     16224     16860     15840     13783     10455     8406      7687      8267      8610      9237      9751      10505     9828      8560      5065      
7364      10815     11342     10615     9374      6871      5463      4380      4826      5000      5209      5636      5997      5802      4712      3037      
3868      5572      5562      5504      4707      3591      2498      2306      2103      2305      2279      2663      2585      2656      1968      1398      
1478      2185      1927      2160      1558      1273      820       785       3851      4709      7753      8119      11015     8382      8155      4393      
7380      10527     11225     7811      5164      1674      1815      1910      26060     55903     96893     107663    112628    114357    126091    84547     
85245     125665    126589    123591    123633    105790    96633     73876     102136    136825    195919    231363    238667    249589    263905    170731    
167842    264027    266508    267470    257425    225053    203543    144628    163867    199454    260958    303600    311715    325736    351403    233590    
225698    345412    344717    347083    336777    294716    244689    192634    175253    203972    255299    291247    301089    317227    336772    234335    
223963    329386    330758    332301    323242    276584    225178    171830    150089    166992    203016    229199    237738    251578    267145    189055    
180073    260076    258892    261442    254848    216359    171814    130846    111042    122856    147452    165321    171347    181380    193423    138458    
131964    188056    185704    189056    184601    157895    124680    93656     82113     92385     111669    126223    129801    137139    146541    103428    
100413    142672    141076    143986    140943    122225    98427     73204     69000     78092     98155     110408    113333    119321    126533    88652     
86647     124480    124383    125744    124152    108561    90027     67847     66293     77474     98206     111575    113596    118336    126197    87502     
41314     60772     60225     60972     60368     52822     44342     33503     33119     39106     49356     56333     57212     59506     63774     43138     

80714     95548     71077     96950     55114     124216    70520     48253     52898     84622     66952     60178     68642     66010     79283     99395     
43200     51854     38487     51666     30641     67484     38617     26641     29015     45448     37104     32427     37764     36418     42569     54089     
17670     21621     16098     20663     13359     28288     16505     11026     12316     18142     15748     13543     15877     15370     17584     22668     
56463     74259     52837     79947     40991     97233     46297     35112     26922     60223     51249     38473     47149     53660     61411     74979     
954994    947341    741550    1157418   568818    1381348   730406    621235    582773    1024184   804310    672799    754359    798995    877285    973434    
2056165   2118903   1647625   2432862   1261155   2987690   1634490   1302003   1317042   2202279   1716787   1489945   1668962   1698572   1899048   2176870   
2740776   2849233   2231764   3201496   1709081   3975460   2217158   1720117   1779590   2903536   2257011   2005806   2216527   2239368   2524185   2956541   
2690012   2817100   2211296   3096295   1700283   3897403   2203879   1666598   1773172   2806949   2176032   1979729   2142396   2174837   2480182   2938180   
2142231   2255765   1772945   2451091   1363776   3103698   1771511   1321112   1422476   2224238   1720898   1582809   1700778   1725837   1974555   2360234   
1560344   1639317   1292124   1777597   992990    2255144   1295714   959619    1040716   1613691   1248866   1154233   1235620   1253164   1435338   1719251   
1184601   1238022   976107    1351341   748833    1708359   980826    730371    788203    1227547   953154    873133    941701    952120    1088749   1296696   
1030722   1070672   841221    1180198   645785    1483131   849134    637741    682009    1074528   832922    755201    821698    828349    946842    1118095   
750398    761298    604987    830968    577789    1128726   630673    471917    508691    775263    685656    501858    653271    669733    723670    807938    
345842    349022    280394    376178    282776    525520    293518    223793    231841    348153    332392    218920    305527    321443    340169    371760    
208938    201951    161805    234662    122618    290335    171679    136048    133926    204340    159037    151399    145939    166205    183569    219115    
219251    211963    170096    245973    128881    304692    180341    142411    140543    214275    166763    158736    153189    174378    192681    230068    

