100
 
1100111111100011101100111111111010110011001010010101011010001000
1100111011001000000110100011010100000001001000011000110111101001
0111011101110001001110010110001001011110101001101100111110000111
0100101000010000101000001011100111001010010100000100110001101111
1110100111010101100000100111000111011111111100100111111110000001
1101111100000101010011111000111100000010000100101101111111000111
0110000001101011000110000111100110100010111011000111001000011101
1110000010110111010101100100110101001001101000001101101101001011
1011010011001111101011110011101110101111111111001101000000111111
0011010110100000100100010010101110000001101100101101000100100010
0000110101011111111100000011010111010011010100111001111110001110
0011100101001110100000011110000011001010100000011011100100001100
0001001011111011100001010110001001010011001100011110100110101111
1010110001101011010001111101111100000111110000110000000101100101
0001101100000101110010011100011010101111000111111011010010110110
1001111110001011010111110101010011001000001100110110110111100101
0100101111100001110001000110010100101111011011110010010010110101
0100111010001110111000000100111100010100011100110101001100000100
0111101010110011110010001100110101010001100000000010000101101000
0100010001100000110110000001010001001111010000100011111110010011
0110110011100111111011000011111001010011011000001000010100001110
1101011001100111001111100010001010011111011100101010010111101000
0110011110111011111000101000001000101001110011100000100111110000
1110110010100101001011001010000011001100110000100011000111010110
0011100011011111110101011111010110101010100111101011101110010110
0011000110110010111010111001011000011000100000001010011110101111
1000000110101101100000111001100001010101000000011110010001000011
1011111001001000111100100101010011001111001100111100000100111001
0001011110001101111101001101101111010110100100010001011010000000
0011100101011001000111010011011000011011101100010111001011001010
1001110010010111101010111101001110101001000111111100111101011001
0001011110101001001001011111111101001000000001111001001101011100
0100001010010011101111101000100010101010010111110101111100111001
1100001110111100110000111100001010011000010100010010000000001101
1110101110000011101100100000010011010001110100100101001011000001
1100000101110110101000110100101111001011101001100100010100011100
1110111010100011000101111000001101010010000000111111000011100011
0100000001111101010001000110111100011111011000000000111000100101
1110101110111001100101110000111110101100100111001111101101111111
0110100111010111010111000010111111001001110101010100010100111011
1011110110111101001101110101110000101110100011001100100101010011
1011100011010010100110100101101100011101110100001101111001010010
1001010011100011111111010110010001010000001000111001010001101110
1001001000111010100010001001111101000110011101011011001111010110
1011100010001111000011100001011001010010110000100110010001001001
0011111000010111011011111000101110011110001100011000110000010111
1001000111100111111101000111111000100000011011010010000111010100
0001001011111001010101100001001011000111010001001110000110010001
1100011010000011010011110000010110100011000111011000011111000010
1100011111101110101110010010111100011011000000110101101011111011
0110111111011100110101001011100101011100011000100010100000011100
0110100000010100110000011110011011000100101101001010111011110101
1100001110010001011001010100111011011111000100111001101001111110
1100110100001001101101111101101100011000101100100111101010011100
0110101011001010111011011110001010100000101111001000011110001111
1110101111010101101001110101011001000011101101010011111000110010
1011110010101111010011000010000110100001110111000011011101101100
0011110111000000011001001111000010011011111100100010110011011101
0001101011110010000001001110100111011100111100010110111010110101
0000011100111010011111000011001011000000010001010110110001011011
0010110011111111011111001011101001011001101000000001110011110100
1011011000100101100100100100010000010100010000111111111000111010
0001010111100100000001101010011110100101011111110101001100101001
1001110111001111101010001000111111000011011101101001101000111111
0100101111000101001101011111001000100101001011111111000001001111
0100011011101110010011111011000000010110001101111011001001010110
0110000011111110001011111111011001011001001000001101101110110011
0111110000000110000111100010101101000101110101101101101011101000
0101011001010011000110001110010101011001011000011110100110010111
1100100001001011110110010001000010010101100101100000000100010001
0110011011011010000101110101110100100101111011101111010010000010
1110011010100001110000011101101111000110001001111100110011000101
0011000001011011001110101010111010100001011110100100010010000001
0011000110110010000111111010110100010010101001010101001100110100
1001101110000000011101100000001001011101111001000000000100011000
1000011001101000000001110100111111010101000101110001111010100010
0010110101101101000100111110010111011100101101001110011100111010
0011001111110101111000001110100100010001010101011000010111110100
1001110010010010011111110000100110100001000110110010100010000000
0001100100001101110100000010101101011010101101100111001011100010
0100110001110111010010110111101110100000111110011001101010100010
1100100100011000001101100101100110010010011101001100010110011011
1110010010101100010111010100001111011101000101111000011111111111
1111000111100110011011001001000011011001110001001010000000000101
1101101001000011111010100011100001010000011001110001001110010000
0100100011111001101000111010110100010101110001001111001111111110
1111001110111100011101000001010010101101110110000000111001101101
0110001100110011101110100011010011011010011101011011001001101000
1011011100011001110000110100001100101100001010000011110000001000
1010011000110110011111010000000100010110101101010010000100101001
1001011010000010000011001001111101010000100001100111001111010101
1000101011010110011111011100000001011000011101010110010100101100
1010000000000011110010010100110001010000111001101001000110000111
0011111011010111100110111011010010010100001101010110110101000101
0000101010010000000011011100010000101100100010011101100001011111
0001100000111101101000110111000011011111100001000000010111001011
1100110000100111111010000000011110101000110110010110100010111111
0101110100011010010011001101010000011111110011101011111100100000
0110110110011100001000001000111001010110010001111111010101000110
0111011011111000000101000101110111011100101100000101001110001010
