100
 
0100110101011001110000110000100000101010110010111000101110010110
0001111111000011011000010010101001011000000101011110010101101100
0101101011000100010100000001100100010110101101001100111110110101
0111010110101011110101101101100011100100001000100000000111000111
1101101010100111010000110001011011100010100000101001001010001110
1111011101001010000110001101101110100000100100111000101011101011
0101110110011111100100000001010111010000111011110111111000110001
0011110000101001111110010010100111011101101001001110001011000100
1111000111111100101101010001101100000111001010110001011001101011
1110011111101110000101010011110110011110011011010100100010000000
1110111010110001010000100000101101000001111001101011001001101101
1000110011001100101001001100100110100111000100101011110001101011
0110011011110000001001110001010110000100011110001010101100111111
1000111011001111111110101100110010100101010110100010001100111011
0010000001101000110101000000010010000110001101111010010111011101
1100010011100101100010010111101010011011001111100001110100101000
0100001010000010111001110010100101000001001100011011111110100111
0101011000001001110001110111111111001001111111100000011101111100
0001010100111110001111000000100001001011011111110001110110000001
1010110001100001111001101000101110110001110010000111011110000010
1101110101011001001101010010011010000011011011010010111011010011
0011111010111100111011101011111111110011010000001111110011010110
1000001001000100101011100000011011001011010001001000100000110101
0111111111000000110101110100110101001110011111100011100011100101
0011101000000111100000110010101000000110111001000011000001001011
1110111000010101100010010100110011000111101001101011111010110001
1010110100011111011111000001111100001100000001011001010001101100
0001011100100111000110101011110001111110110100101101101001111110
0010110101111101010100110010000011001101101101111001010100101111
1000011100010001100101001011110110111100100100101101010100111010
0011101110000001001111000101000111001101010011000001000111101010
1100111100100011001101010100011000000000100001011010000100010001
1000001101100000010100010011110100001000111111100100110110110011
1001111110110000111110010100110110000010000101000011101101011001
1001110011111000100010100111110111001010100101111010000110011110
1110111110001010000010001010011100111000001001111100001110110010
1001010010110010100000110011001100001000110001110101100011100011
0111111101010111110101101010101001111010111011100101100011000110
1100101110101110010110000110001000000010100111101011111000000110
1011011000001110011000010101010000000111100100010000111011111001
0010001111001001010100110011110011001111000001001110010001011110
0011011111010011011011110101101001000100010110100000000011100101
0110010001110100110110000110111011000101110010110010101001110010
0101111010101111010011101010010001111111001111010110010001011110
1010010010010111111111010010000000011110010011010111000100001010
0100111011111010001000101010100101111101011111001110011100001110
1111001100001111000010100110000101000100100000000011011110101110
0000111011001000000100110100011101001001010010110000011100000101
1101101010001101001011110010111010011001000101000111001110111010
1000110001011110000011010100100000001111110000111000110100000001
1111010100010001101111000111110110000000001110001001011110101110
1110011001011100001111101011001001110011111011011111110110100111
0101110101110000101111110010011101010101000101001110111011110110
1111010011011101011100001011101000110011001001010100111011100011
0100101001101001011011000111011101000011011110010100101001010011
1000111111110101100100010100000010001110010100011011101001001000
1110101000100010011111010001100111010110110011110101101011100010
0011110000111000010110010100101100001001100100010010010011111000
0101110110111110001011100111100011000110001100000101111001000111
1001111111010001111110001000000110110100100001110101000001001011
1110010101011000010010110001110100010011100001100100011100011010
0000110100111100000101101000110001110110000111110000101100011111
1011101011100100101111000110110000001101011010111110110110111111
0111001101010010111001010111000110001000101000000111000110100000
0101001100000111100110110001001011010010101110111101011100001110
0100010110010101001110110111110001001110011010011111101100110100
0010011011011111011011000110001011001001111010100111000110101011
0010101110110111100010101000001011110010000111100011111110101111
0101011010011101010110010000111011010100111110001100101011110010
1011110100110000100001101000011101110000110111011011000011110111
0000000110010011110000100110111111001000101100110111010001101011
1100100000010011101001110111001111000101101110101101010000011100
1110100111110000110010110000000100010101101100010110110010110011
1111110111110010111010010110011010000000011100111101001011011000
1001011001001001000100000101000100001111111110001110100001010111
1001000000011010100111101001010111111101010011001010011001110111
0011111010100010001111110000110111011010011010001111110100101111
0001010011010111110010001001010010111111110000010011110100011011
1011100100111110110000000101100011011110110010010101100110000011
1111100010111111110110010110010010000011011011101100110111110000
0001100001111000101011010001011101011011011010111010000101011001
0100110001100011100101010110010110000111101001100101111100100001
0010111101100100010000100101011001011000000001000100010110011011
0110100001011101011101001001011110111011110100100000101110011010
1000011100000111011011110001100010011111001100110001010011000001
0110110011101010101110101000010111101001000100100000010011000110
1100100001111110101101000100101010010101010011001101001001101110
0000000111011000000010010111011110010000000001000110001000011001
1010000000011101001111110101010001011100011110101000100010110101
1011010001001111100101110111001011010011100111001110100011001111
1101011110000011101001000100010101010110000101111101001001110010
0100100111111100001001101000010001101100101000100000000001100100
0011011101000000101011010110101011011001110010111000100100110001
1101110100101101111011101000001111100110011010101000101100100100
0110000011011001011001100100100111010011000101100110111110010010
1011000101110101000011110111010001011110000111111111111111000111
1001100110110010010000110110011100010010100000000001011101101001
0000111110101000111000010100000110011100010011100100000100100011
1110011010001110101101000101011100010011110011111111101111001110
1111000111010000010100101011011101100000001110011011010110001100
