320 
 
20 
 
-84 
 
9 
 
242 
 
60 
 
16 
 
56 
 
40 
 
-9 
 
3 
 
8 
 
10 
 
76 
 
0 
 
0 
 
216 
 
-12 
 
-16 
 
9 
 
-8 
 
-916 
 
4 
 
4 
 
-3 
 
27 
 
5 
 
-6 
 
-8 
 
12 
 
5 
 
-96 
 
122 
 
-2012 
 
9 
 
10 
 
-10 
 
86 
 
72 
 
13 
 
-3 
 
60 
 
4 
 
-24 
 
28 
 
4 
 
1016 
 
75 
 
-8400 
 
7 
 
41 
 
0 
 
16 
 
22 
 
135 
 
7 
 
0 
 
-5 
 
2 
 
-1 
 
18 
 
-17 
 
-18 
 
5 
 
40 
 
-2 
 
-35 
 
-8 
 
576 
 
31 
 
54 
 
8 
 
46 
 
11 
 
43 
 
3 
 
-60 
 
-28 
 
-50 
 
0 
 
0 
 
282 
 
25 
 
-10 
 
5 
 
16 
 
-12 
 
-8 
 
14 
 
-148 
 
-10 
 
2 
 
-16 
 
-192 
 
3 
 
-14 
 
-46 
 
266 
 
0 
 
38 
 
6 
 
22 
 
16 
 
0 
 
-28 
 
-11 
 
11 
 
112 
 
-14 
 
10 
 
22 
 
5 
 
18 
 
14 
 
4 
 
24 
 
7 
 
-35 
 
-284 
 
11 
 
-102 
 
-24 
 
0 
 
10 
 
-108 
 
6 
 
10 
 
14 
 
18 
 
2 
 
-6 
 
-10 
 
-9 
 
280 
 
9 
 
5 
 
-246 
 
8 
 
8 
 
8 
 
11 
 
16 
 
11 
 
-34 
 
11 
 
4 
 
22 
 
8 
 
2 
 
134 
 
2 
 
143 
 
74 
 
9 
 
56 
 
5 
 
18 
 
12 
 
9 
 
191 
 
-11 
 
-6 
 
-7 
 
-56 
 
25 
 
2 
 
0 
 
32 
 
4 
 
7 
 
-8 
 
10 
 
2 
 
3 
 
-26 
 
-12 
 
3 
 
28 
 
4 
 
219 
 
15 
 
48 
 
10 
 
8 
 
-3 
 
14 
 
27 
 
7 
 
9 
 
19 
 
30 
 
21 
 
18 
 
35 
 
-6 
 
6 
 
27 
 
-2 
 
29 
 
43 
 
2 
 
-40 
 
0 
 
8 
 
31 
 
13 
 
-120 
 
16 
 
12 
 
78 
 
5 
 
3 
 
15 
 
436 
 
-45 
 
42 
 
9 
 
46 
 
0 
 
2 
 
-14 
 
-20 
 
-7 
 
62 
 
12 
 
1 
 
0 
 
14 
 
-78 
 
5 
 
17 
 
1512 
 
8 
 
10 
 
6 
 
3 
 
9 
 
6 
 
2 
 
20 
 
52 
 
4 
 
26 
 
54 
 
0 
 
108 
 
-5 
 
54 
 
53 
 
6 
 
11 
 
306 
 
-12 
 
-19 
 
5 
 
541 
 
534 
 
2 
 
-34 
 
7 
 
432 
 
14 
 
2 
 
2 
 
0 
 
6 
 
-5 
 
30 
 
5 
 
-18 
 
1 
 
2 
 
-23 
 
12 
 
10 
 
-10 
 
0 
 
14 
 
20 
 
11 
 
50 
 
68 
 
99 
 
0 
 
168 
 
-26 
 
17 
 
25 
 
-6 
 
12 
 
33 
 
40 
 
14 
 
26 
 
-19 
 
18 
 
250 
 
27 
 
17 
 
8 
 
21 
 
2 
 
66 
 
15 
 
-19 
 
4 
 
9 
 
1 
 
600 
 
-4 
 
-2 
 
2 
 
48 
 
12 
 
31 
 
-10 
 
-14 
 
10 
 
4 
 
12 
 
-5 
 
63 
 
1152 
 
4 
 
7 
 
20 
 
-6 
 
-11 
 
12 
 
6 
 
83 
 
10 
 
-7 
 
8 
 
-46 
 
1 
 
16 
 
24 
 
2 
 
-310 
 
6 
 
18 
 
-59 
 
6 
 
52 
 
2 
 
0 
 
-49 
 
6 
 
9 
 
0 
 
-4 
 
6 
 
5 
 
15 
 
672 
 
14 
 
52 
 
-1 
 
9 
 
29 
 
3 
 
-10 
 
13 
 
124 
 
15 
 
28 
 
9 
 
29 
 
6 
 
-18 
 
-18 
 
6 
 
-20 
 
-32 
 
-30 
 
9 
 
365 
 
45 
 
28 
 
17 
 
-21 
 
24 
 
14 
 
18 
 
-8 
 
29 
 
12 
 
6 
 
7 
 
43 
 
40 
 
-24 
 
3 
 
2 
 
5 
 
0 
 
-95 
 
23 
 
12 
 
13 
 
16 
 
-34 
 
6 
 
5 
 
1 
 
5 
 
9 
 
13 
 
32 
 
4 
 
-8 
 
0 
 
42 
 
-222 
 
-20 
 
2 
 
186 
 
0 
 
18 
 
32 
 
9 
 
143 
 
-1 
 
0 
 
63 
 
-3 
 
10 
 
-158 
 
35 
 
0 
 
-58 
 
52 
 
-23 
 
-260 
 
-444 
 
-3 
 
25 
 
10 
 
0 
 
0 
 
55 
 
-66 
 
80 
 
-54 
 
4 
 
-660 
 
-68 
 
-46 
 
1 
 
14 
 
-104 
 
-40 
 
8 
 
5 
 
450 
 
20 
 
40 
 
193 
 
-5 
 
-30 
 
2 
 
-46 
 
2 
 
180 
 
10 
 
-136 
 
-10 
 
-8 
 
-30 
 
-2 
 
8 
 
-6 
 
-8 
 
160 
 
15 
 
72 
 
6 
 
-4 
 
-6 
 
-17 
 
-130 
 
17 
 
1 
 
100 
 
2 
 
168 
 
-48 
 
10 
 
36 
 
15 
 
14 
 
2 
 
-8 
 
-36 
 
31 
 
-30 
 
-15 
 
5 
 
-5578 
 
-58 
 
2 
 
-30 
 
-1116 
 
360 
 
22 
 
33 
 
24 
 
14 
 
8 
 
-21 
 
-98 
 
-10 
 
574 
 
22 
 
36 
 
10 
 
-1 
 
-52 
 
20 
 
-54 
 
1 
 
-9 
 
12 
 
-68 
 
41 
 
11 
 
56 
 
6 
 
4 
 
2 
 
37 
 
12 
 
20 
 
50 
 
-8 
 
101 
 
28 
 
36 
 
6 
 
2359 
 
-28 
 
2 
 
0 
 
-2 
 
10 
 
-4 
 
-112 
 
4 
 
1 
 
31 
 
0 
 
69 
 
108 
 
-52 
 
31 
 
127 
 
588 
 
2 
 
6 
 
12 
 
-16 
 
4 
 
18 
 
13 
 
-41 
 
50 
 
-51 
 
-99 
 
6 
 
6 
 
-78 
 
10 
 
2 
 
359 
 
78 
 
-2 
 
-2 
 
2 
 
-53 
 
20 
 
9 
 
6 
 
106 
 
14 
 
162 
 
114 
 
12 
 
-2 
 
-438 
 
0 
 
-24 
 
-564 
 
4 
 
5 
 
2 
 
36 
 
28 
 
4 
 
22 
 
7 
 
-2 
 
0 
 
5 
 
-13 
 
-4 
 
7 
 
105 
 
15 
 
-59 
 
6 
 
190 
 
292 
 
11 
 
3 
 
12 
 
-178 
 
64 
 
135 
 
18 
 
6 
 
-63 
 
0 
 
0 
 
0 
 
-12 
 
9 
 
-110 
 
-46 
 
-29 
 
108 
 
0 
 
-28 
 
5 
 
-115 
 
84 
 
-56 
 
2 
 
-12 
 
43 
 
5 
 
15 
 
9 
 
12 
 
-1 
 
-2 
 
12 
 
10 
 
0 
 
7 
 
-9 
 
-18 
 
-266 
 
24 
 
18 
 
0 
 
-26 
 
-2 
 
25 
 
18 
 
16 
 
0 
 
12 
 
271 
 
11 
 
2 
 
40 
 
0 
 
9 
 
12 
 
7 
 
0 
 
-3 
 
7 
 
81 
 
21 
 
-70 
 
-5 
 
45 
 
9 
 
20 
 
-4 
 
8 
 
-4 
 
84 
 
14 
 
26 
 
4 
 
59 
 
0 
 
126 
 
-20 
 
8 
 
-37 
 
9 
 
1 
 
32 
 
0 
 
2 
 
-4 
 
594 
 
4 
 
108 
 
11 
 
-2 
 
16 
 
2 
 
28 
 
6 
 
15 
 
10 
 
90 
 
-774 
 
-528 
 
2 
 
-4 
 
37 
 
-36 
 
78 
 
-276 
 
9 
 
21 
 
17 
 
12 
 
60 
 
14 
 
22 
 
-632 
 
4 
 
0 
 
0 
 
0 
 
78 
 
8 
 
7 
 
-6 
 
25 
 
8 
 
2 
 
92 
 
12 
 
-154 
 
46 
 
12 
 
7 
 
-464 
 
-35 
 
22 
 
0 
 
65 
 
-13 
 
2 
 
440 
 
0 
 
14 
 
65 
 
15 
 
3 
 
4 
 
178 
 
-17 
 
4 
 
15 
 
8 
 
0 
 
6 
 
42 
 
562 
 
5 
 
-10 
 
-34 
 
126 
 
14 
 
12 
 
70 
 
-15 
 
8 
 
14 
 
55 
 
4 
 
-6 
 
31 
 
220 
 
0 
 
30 
 
200 
 
300 
 
-1 
 
-8 
 
35 
 
4 
 
0 
 
0 
 
9 
 
11 
 
3 
 
81 
 
10 
 
-264 
 
315 
 
40 
 
4 
 
6 
 
0 
 
-18 
 
19 
 
1 
 
38 
 
22 
 
19 
 
-16 
 
4 
 
3 
 
16 
 
-410 
 
6 
 
3 
 
-822 
 
-122 
 
42 
 
14 
 
-7 
 
20 
 
81 
 
32 
 
6 
 
4 
 
-25 
 
78 
 
42 
 
70 
 
5 
 
-60 
 
7 
 
-8 
 
-6 
 
16 
 
13 
 
3 
 
14 
 
1 
 
16 
 
55 
 
90 
 
15 
 
-140 
 
-35 
 
41 
 
11 
 
1 
 
125 
 
-35 
 
108 
 
0 
 
27 
 
-1 
 
9 
 
23 
 
-32 
 
4 
 
-11 
 
0 
 
-26 
 
-28 
 
-14 
 
-2 
 
182 
 
3 
 
28 
 
9 
 
57 
 
26 
 
0 
 
518 
 
56 
 
8 
 
6 
 
6 
 
30 
 
-8 
 
5 
 
-14 
 
37 
 
8 
 
14 
 
9 
 
222 
 
26 
 
-11 
 
-28 
 
19 
 
-224 
 
10 
 
112 
 
5 
 
156 
 
43 
 
4 
 
-21 
 
7 
 
10 
 
-6 
 
74 
 
48 
 
1 
 
336 
 
52 
 
-2 
 
-80 
 
6 
 
1 
 
-30 
 
-52 
 
2 
 
-58 
 
-6 
 
15 
 
0 
 
80 
 
154 
 
0 
 
1 
 
20 
 
-10 
 
-76 
 
58 
 
1 
 
39 
 
12 
 
-2 
 
4 
 
14 
 
4 
 
-32 
 
7 
 
1 
 
2 
 
-8 
 
-48 
 
11 
 
20 
 
139 
 
21 
 
-2 
 
4 
 
56 
 
-30 
 
10 
 
2 
 
93 
 
-6 
 
3 
 
26 
 
74 
 
-5 
 
3 
 
-21 
 
3 
 
-12 
 
-27 
 
-34 
 
185 
 
143 
 
0 
 
0 
 
28 
 
106 
 
6 
 
155 
 
-3 
 
4 
 
13 
 
4 
 
188 
 
13 
 
-32 
 
-4 
 
0 
 
15 
 
25 
 
72 
 
-28 
 
9 
 
3 
 
-25 
 
132 
 
116 
 
19 
 
30 
 
66 
 
0 
 
10 
 
-15 
 
-4 
 
7 
 
-216 
 
10 
 
13 
 
8 
 
45 
 
